0.4026532 54.416874
6.039798 49.60768
10.06633 45.588356
14.227079 42.15893
18.9247 39.19943
22.682796 36.609863
25.769804 34.36024
29.5279 32.33058
32.749126 30.520603
35.701916 28.920567
38.252052 27.430532
40.533752 26.130503
43.62076 24.910475
46.57355 23.81045
49.392124 22.800426
51.94226 21.850405
54.492397 20.970385
57.042534 20.190367
59.458454 19.43035
61.874374 18.750334
64.29029 18.080318
65.766685 18.050318
67.51152 17.980316
69.25635 17.940315
71.1354 17.880314
73.14866 17.840313
75.16193 17.780312
77.44363 17.70031
79.59111 17.67031
81.87281 17.600307
83.34921 17.550306
84.82561 17.500305
86.43622 17.460304
88.04683 17.400303
89.65744 17.360302
91.402275 17.330301
93.1471 17.3003
94.75771 17.2703
96.50255 17.2603
98.11316 17.230299
99.85799 17.210299
101.468605 17.210299
