0.13421772 41.249084
3.7580965 38.499546
7.1135397 36.109947
10.603201 33.95031
13.55599 32.070625
16.240345 30.3606
19.193134 28.850565
21.87749 27.480534
24.427626 26.190504
27.11198 25.070478
29.125246 24.030455
31.27273 23.040432
33.420216 22.140411
35.701916 21.340393
37.715183 20.550375
39.862667 19.840359
41.741714 19.180344
43.21811 19.160343
45.231373 19.120342
46.976204 19.090342
48.721035 19.05034
50.600082 19.04034
52.344913 19.00034
54.492397 18.98034
56.371445 18.950338
57.98206 18.930338
59.995323 18.870337
61.874374 18.860336
63.35077 18.820335
65.49825 18.810335
67.24308 18.750334
68.85369 18.730333
70.73274 18.700333
72.47757 18.670332
74.08819 18.630331
75.96723 18.60033
77.71207 18.56033
79.32268 18.530329
81.20173 18.500328
82.81234 18.480328
84.42295 18.420326
86.302 18.390326
88.04683 18.360325
89.523224 18.340324
91.402275 18.310324
93.012886 18.280323
94.6235 18.230322
96.50255 18.200321
98.11316 18.16032
99.85799 18.13032
101.73704 18.080318
103.34765 18.050318
104.82404 18.000317
106.703094 17.970316
108.313705 17.920315
109.7901 17.890314
111.66915 17.850313
113.41398 17.810312
114.89037 17.790312
116.90364 17.760311
118.64847 17.75031
120.12487 17.72031
122.13813 17.69031
123.882965 17.68031
125.493576 17.640308
126.96997 17.610308
128.84901 17.600307
130.59386 17.570307
132.07025 17.550306
133.9493 17.530306
135.69412 17.510305
137.30473 17.480305
139.31801 17.460304
141.06284 17.420303
142.67345 17.410303
144.28406 17.360302
146.1631 17.350302
147.77371 17.330301
149.2501 17.3003
151.12917 17.2803
152.874 17.2603
154.35039 17.220299
156.36365 17.220299
158.10849 17.190298
159.85332 17.190298
