0.13421772 29.450579
2.95279 27.980545
5.502927 26.660515
7.7846284 25.450487
10.200547 24.350462
12.482248 23.340439
14.76395 22.390417
16.642998 21.520397
18.656263 20.710379
20.803747 19.970362
22.548578 19.250345
24.696062 19.210344
26.440893 19.130342
28.051506 19.070341
29.796335 19.05034
31.406948 19.03034
33.285995 18.960339
35.030827 18.940338
36.909874 18.900337
38.654705 18.870337
40.667973 18.840336
42.54702 18.830336
44.023415 18.800335
45.902462 18.780334
47.513077 18.750334
49.52634 18.740334
51.27117 18.720333
53.016003 18.670332
54.760834 18.640331
56.371445 18.640331
58.250492 18.60033
59.995323 18.60033
62.00859 18.56033
63.75342 18.540329
65.36404 18.520329
67.24308 18.500328
68.85369 18.480328
71.001175 18.450327
72.74601 18.410326
74.222404 18.400326
76.10145 18.380325
77.84628 18.360325
79.85955 18.330324
81.60438 18.310324
83.21499 18.280323
85.22826 18.270323
86.83887 18.250322
88.449486 18.220322
90.32853 18.190321
91.93914 18.17032
93.81819 18.14032
95.56302 18.100319
97.17364 18.100319
99.05268 18.070318
100.6633 18.060318
102.40813 18.010317
104.152954 18.010317
105.76357 17.980316
107.77683 17.940315
109.52167 17.930315
111.13228 17.910315
113.01133 17.870314
114.75616 17.850313
116.23255 17.820312
118.1116 17.810312
119.85643 17.780312
121.332825 17.770311
123.211876 17.74031
124.82249 17.72031
126.567314 17.69031
128.44637 17.68031
130.05698 17.650309
132.07025 17.620308
133.81508 17.580307
135.42569 17.580307
137.43895 17.550306
139.04956 17.530306
140.66017 17.510305
142.53923 17.490305
144.28406 17.460304
145.76045 17.440304
147.50528 17.410303
149.2501 17.410303
150.7265 17.350302
152.47134 17.350302
154.21617 17.320301
155.69257 17.3003
157.4374 17.2803
159.048 17.2603
160.65862 17.230299
162.53767 17.230299
