0.26843545 33.870323
3.0870078 31.840633
5.6371446 30.030592
8.321499 28.430555
10.871636 26.970522
13.1533375 25.620491
15.703474 24.440464
17.985176 23.340439
19.998442 22.330416
21.87749 21.410395
23.756538 20.570375
25.635586 19.790358
27.380417 19.06034
29.259464 18.390326
31.138514 17.74031
32.48069 17.73031
34.091305 17.70031
35.970352 17.68031
37.312527 17.660309
39.057358 17.640308
40.80219 17.600307
42.144367 17.600307
43.8892 17.570307
45.63403 17.530306
47.110424 17.510305
48.721035 17.490305
50.600082 17.470304
52.076477 17.450304
53.68709 17.430304
55.56614 17.420303
57.042534 17.370302
58.787365 17.370302
60.532196 17.340302
62.00859 17.320301
63.887638 17.2903
65.22981 17.2603
66.84043 17.2403
68.719475 17.220299
70.19587 17.180298
71.80649 17.180298
73.68553 17.150297
75.16193 17.130297
77.04098 17.130297
