0.13421772 24.480465
2.1474836 23.38044
4.429185 22.380417
6.5766687 21.460396
8.589934 20.580376
10.468983 19.810358
12.348031 19.06034
14.361297 18.370325
15.9719095 17.73031
17.582521 17.70031
19.327353 17.650309
21.206402 17.620308
22.817015 17.610308
24.561844 17.560307
26.306675 17.540306
27.78307 17.530306
29.393682 17.510305
31.138514 17.450304
32.883343 17.430304
34.359737 17.410303
35.970352 17.390303
37.580963 17.330301
39.46001 17.2803
40.80219 17.2403
42.412804 17.220299
44.023415 17.180298
45.902462 17.140297
47.24464 17.100296
48.85525 17.070295
50.600082 17.020294
52.344913 17.020294
