0.13421772 23.37044
2.1474836 22.000408
4.294967 20.78038
6.1740155 19.710356
8.053063 18.690332
10.06633 17.790312
11.81116 16.980293
13.287555 16.250277
14.629732 15.54026
16.374563 14.920246
18.119392 14.330233
19.730005 13.77022
21.206402 13.260208
22.682796 12.790197
24.159191 12.360188
25.635586 12.310186
27.246199 12.270185
28.185722 12.240185
29.259464 12.210184
30.333206 12.180183
31.541166 12.130182
32.883343 12.080181
34.22552 12.03018
35.5677 12.0101795
37.044094 11.960178
38.52049 11.940178
39.46001 11.920177
40.667973 11.880177
41.741714 11.870176
43.08389 11.850176
44.426067 11.810175
45.902462 11.780174
47.378857 11.770174
48.318382 11.730173
49.392124 11.710173
50.465866 11.700172
51.673824 11.700172
53.15022 11.700172
54.492397 11.670172
55.968792 11.640171
57.042534 11.640171
58.116276 11.620171
59.324234 11.620171
60.532196 11.61017
61.874374 11.58017
63.35077 11.570169
64.42451 11.560169
65.49825 11.540169
66.57199 11.530169
67.91417 11.510168
69.25635 11.480167
70.598526 11.480167
72.07492 11.450167
73.01444 11.440166
74.222404 11.440166
75.43037 11.430166
76.77254 11.400166
78.24893 11.400166
79.59111 11.380165
80.664856 11.340164
81.738594 11.340164
