0.0 20.74038
2.2817013 19.630354
4.0265317 18.640331
6.039798 17.74031
7.7846284 16.910292
9.395241 16.180275
11.005854 15.480259
12.750684 14.870245
14.227079 14.270231
15.569257 13.750219
16.911434 13.240208
18.25361 12.790197
19.46157 12.340187
20.66953 12.300186
21.87749 12.280186
23.08545 12.240185
24.427626 12.230185
25.769804 12.220184
27.11198 12.190184
28.588377 12.190184
30.064772 12.170183
31.541166 12.160183
32.883343 12.1401825
33.957085 12.1401825
35.030827 12.110182
35.970352 12.100182
37.17831 12.080181
38.38627 12.05018
39.46001 12.03018
40.80219 12.03018
42.010147 12.02018
43.352325 12.000179
44.82872 11.990179
46.305115 11.970179
47.78151 11.960178
48.98947 11.940178
49.928993 11.920177
51.002735 11.890177
52.076477 11.890177
53.28444 11.870176
54.492397 11.860176
55.834576 11.840176
57.176754 11.840176
58.51893 11.810175
59.995323 11.800175
61.3375 11.780174
62.54546 11.770174
63.484985 11.740173
64.55872 11.740173
65.766685 11.700172
66.97465 11.680172
68.18261 11.680172
