0.13421772 14.360233
1.6106128 13.850222
2.95279 13.34021
4.1607494 12.870199
5.1002736 12.850199
6.7108865 12.800198
8.053063 12.780197
9.529459 12.740196
10.871636 12.700195
12.079596 12.660194
13.421773 12.630194
14.495515 12.600193
15.703474 12.530191
16.777216 12.510191
17.71674 12.47019
19.058918 12.440189
20.535313 12.400188
22.011707 12.370188
23.353884 12.330187
24.696062 12.290186
26.038239 12.270185
27.246199 12.250185
28.588377 12.230185
29.796335 12.190184
30.870077 12.180183
32.078037 12.1401825
33.15178 12.130182
34.22552 12.100182
35.299263 12.090181
36.238785 12.080181
37.312527 12.060181
38.654705 12.03018
40.1311 12.0101795
41.473278 12.000179
42.949673 11.990179
44.29185 11.980179
45.63403 11.960178
46.976204 11.940178
48.318382 11.920177
49.52634 11.910177
50.734303 11.900177
52.076477 11.880177
53.28444 11.870176
54.492397 11.860176
55.700356 11.840176
56.774097 11.820175
57.98206 11.7901745
59.190018 11.770174
60.26376 11.750174
61.3375 11.750174
62.54546 11.720173
63.6192 11.720173
64.69295 11.700172
65.766685 11.690172
66.84043 11.670172
67.91417 11.6601715
68.85369 11.630171
69.92744 11.630171
71.001175 11.61017
71.940704 11.58017
73.01444 11.560169
73.95397 11.560169
75.02771 11.550169
75.96723 11.520168
76.90676 11.520168
