0.13421772 17.380302
1.7448305 16.610285
3.489661 15.880268
4.966056 15.180252
6.5766687 14.590239
8.053063 14.010225
9.395241 13.490213
10.468983 12.960201
11.945377 12.510191
13.287555 12.100182
14.495515 12.060181
15.703474 12.02018
16.777216 11.980179
17.850958 11.930178
18.9247 11.900177
19.864223 11.880177
21.072184 11.840176
22.41436 11.820175
23.890755 11.800175
25.232933 11.770174
26.440893 11.740173
27.78307 11.730173
28.99103 11.720173
30.198988 11.710173
31.406948 11.700172
32.48069 11.690172
33.68865 11.680172
34.76239 11.650171
35.701916 11.620171
36.775658 11.61017
37.715183 11.60017
38.788925 11.58017
39.862667 11.540169
41.33906 11.530169
42.681236 11.530169
