0.13421772 14.340233
1.3421773 13.79022
2.6843545 13.260208
3.8923142 12.780197
5.368709 12.330187
6.5766687 11.900177
7.6504107 11.880177
8.589934 11.850176
9.932112 11.800175
11.140072 11.770174
12.348031 11.730173
13.421773 11.700172
14.629732 11.680172
15.9719095 11.6601715
17.179869 11.640171
18.25361 11.620171
19.327353 11.61017
20.66953 11.59017
21.87749 11.570169
23.08545 11.550169
24.159191 11.530169
25.232933 11.510168
26.57511 11.490168
27.78307 11.470167
28.99103 11.450167
30.064772 11.430166
31.138514 11.410166
32.212254 11.410166
33.420216 11.400166
34.628174 11.380165
35.836132 11.370165
36.909874 11.360165
37.8494 11.350164
39.191578 11.350164
40.533752 11.330164
41.607494 11.3101635
42.815456 11.300163
43.8892 11.280163
44.82872 11.270163
46.1709 11.260162
47.378857 11.240162
48.58682 11.230162
49.66056 11.220161
50.734303 11.220161
51.673824 11.210161
53.016003 11.1801605
54.22396 11.1801605
