0.0 17.360302
1.8790482 16.350279
3.2212255 15.440258
4.831838 14.620239
6.1740155 13.870222
7.381975 13.200207
8.85837 12.590193
10.200547 12.03018
11.408507 11.530169
12.482248 11.050158
13.55599 10.620148
14.495515 10.210138
15.569257 9.83013
16.508781 9.490122
17.582521 9.150114
18.656263 9.140114
19.864223 9.110113
20.937965 9.090113
21.743273 9.060112
22.548578 9.050112
23.488102 9.030111
24.427626 8.99011
25.501368 8.98011
26.709328 8.9501095
27.380417 8.930109
28.31994 8.920109
29.259464 8.910109
30.198988 8.900108
31.406948 8.900108
32.48069 8.890108
33.15178 8.880108
34.091305 8.850107
35.030827 8.840107
36.10457 8.8201065
37.17831 8.790106
37.983616 8.770105
38.92314 8.770105
39.728447 8.740105
40.80219 8.720104
41.87593 8.710104
42.949673 8.670103
43.62076 8.670103
