0.13421772 10.140137
1.0737418 9.760128
2.0132658 9.41012
2.95279 9.090113
3.8923142 9.080112
5.1002736 9.050112
6.1740155 8.99011
6.845104 8.98011
7.6504107 8.97011
8.589934 8.940109
9.529459 8.910109
10.603201 8.900108
11.81116 8.890108
12.6164665 8.880108
13.421773 8.850107
14.361297 8.840107
15.300821 8.830107
16.240345 8.830107
17.448305 8.8201065
18.522047 8.8201065
19.327353 8.810106
20.13266 8.780106
21.072184 8.760105
22.145926 8.750105
23.219667 8.720104
24.29341 8.700104
24.964497 8.680103
25.904022 8.660103
26.843546 8.650103
27.78307 8.630102
28.856812 8.610102
29.662117 8.590101
30.467424 8.570101
31.406948 8.5401
32.346474 8.5201
33.420216 8.510099
34.493958 8.480099
35.299263 8.4700985
36.10457 8.460098
37.044094 8.440098
37.983616 8.430098
39.057358 8.430098
39.862667 8.410097
40.667973 8.410097
