0.13421772 13.890223
1.3421773 13.200207
2.8185723 12.570192
4.0265317 11.990179
5.2344913 11.490168
6.1740155 11.010157
7.1135397 10.560146
8.053063 10.160137
9.126805 9.800129
10.200547 9.43012
11.005854 9.090113
11.81116 9.080112
12.6164665 9.070112
13.421773 9.070112
14.361297 9.040112
15.300821 9.030111
16.374563 9.010111
17.448305 8.98011
18.522047 8.97011
19.730005 8.97011
20.401094 8.96011
21.206402 8.96011
22.145926 8.9501095
22.951231 8.900108
24.024973 8.900108
24.964497 8.870108
26.172457 8.850107
27.246199 8.850107
28.051506 8.840107
28.856812 8.8201065
29.662117 8.8201065
