0.13421772 27.620537
1.476395 26.200504
3.0870078 24.900475
4.294967 23.700447
5.90558 22.670424
8.321499 21.700401
10.200547 20.77038
12.884902 19.970362
15.166603 19.190344
16.642998 18.500328
18.790482 17.840313
20.266876 17.230299
21.609055 16.660286
23.62232 16.630285
26.038239 16.620285
27.246199 16.610285
29.930553 16.610285
32.212254 16.610285
34.628174 16.610285
36.64144 16.610285
39.325794 16.610285
41.473278 16.610285
43.8892 16.610285
46.036682 16.610285
48.318382 16.610285
50.33165 16.610285
52.747566 16.610285
