0.13421772 70.006546
3.489661 70.006546
6.979322 70.006546
10.200547 70.006546
13.55599 35.060123
16.777216 33.320415
19.193134 31.71063
21.609055 30.280598
23.756538 28.970568
25.769804 27.700539
27.380417 26.570513
28.722593 25.510489
29.930553 24.520466
31.004295 23.640446
32.212254 22.810427
33.68865 22.720425
35.030827 22.630423
36.373005 22.560421
37.715183 22.470419
39.057358 22.380417
40.533752 22.280415
41.607494 22.220413
42.54702 22.190413
43.486546 22.140411
44.426067 22.07041
45.365593 22.020409
46.439335 21.980408
47.378857 21.900406
48.4526 21.850405
49.66056 21.800404
50.734303 21.750402
51.94226 21.710402
53.15022 21.6404
54.35818 21.600399
55.700356 21.560398
56.774097 21.500397
57.713623 20.990385
58.65315 20.990385
