0.26843545 70.006546
3.489661 70.006546
6.845104 70.006546
10.06633 70.006546
13.287555 70.006546
16.508781 70.006546
19.864223 70.006546
22.817015 27.900543
25.635586 26.780518
27.917288 25.730494
30.333206 24.74047
31.943819 23.82045
33.15178 22.95043
34.493958 22.150412
35.970352 22.09041
37.312527 22.07041
38.52049 22.000408
39.59423 21.940407
40.80219 21.900406
42.144367 21.870405
43.08389 21.810404
44.023415 21.770403
44.96294 21.710402
46.036682 21.6504
46.976204 21.600399
47.91573 21.540398
48.85525 21.480396
49.794777 21.430395
50.86852 21.390394
51.808044 21.340393
52.881786 21.270391
53.95553 21.24039
54.89505 21.18039
56.23723 21.130388
58.384712 21.110388
60.26376 21.110388
