0.0 24.56888
0.26843545 23.844002
0.4026532 23.154118
0.5368709 22.514225
0.8053064 21.959318
0.8053064 21.314426
1.0737418 20.804512
1.2079595 20.314594
1.3421773 19.74469
1.476395 19.279768
1.6106128 18.834843
1.7448305 18.384918
1.8790482 18.024979
2.0132658 17.585052
2.1474836 17.195118
2.2817013 16.870173
2.415919 16.480238
2.5501368 16.180288
2.5501368 15.830315
2.6843545 15.505307
2.8185723 15.245301
2.95279 14.965295
3.0870078 14.650288
3.0870078 14.370281
3.2212255 14.110275
3.3554432 13.87527
3.489661 13.645265
3.489661 13.415259
3.6238787 13.385259
3.7580965 13.375258
3.7580965 13.365258
3.8923142 13.345258
4.0265317 13.345258
