0.4026532 39.504234
7.2477574 33.522957
12.750684 29.088121
17.582521 25.683693
21.87749 22.984146
25.635586 20.799513
28.99103 18.96982
32.212254 17.415081
35.165043 16.095303
37.8494 14.9502945
40.399536 13.950272
42.949673 13.88527
45.231373 13.845269
47.513077 13.785268
49.928993 13.715266
52.344913 13.670265
54.760834 13.605264
57.042534 13.560263
59.458454 13.490261
61.874374 13.420259
64.156075 13.370258
66.437775 13.300257
68.719475 13.265256
70.86696 13.240255
73.28288 13.205255
75.833015 13.160254
77.9805 13.120253
80.2622 13.090252
82.67812 13.090252
