6.039798 54.577454
10.603201 50.356552
14.76395 46.73578
18.656263 43.575104
22.41436 40.809513
25.904022 38.388996
29.125246 36.21353
32.078037 34.28812
35.030827 32.50274
37.715183 30.922813
40.399536 29.468058
42.815456 28.153278
45.231373 26.928484
47.513077 25.793674
49.794777 24.763847
51.94226 23.789011
53.82131 22.889162
55.834576 22.074299
57.713623 21.329424
59.72689 21.29443
61.471718 21.264435
63.21655 21.22944
65.22981 21.204445
67.108864 21.16945
68.85369 21.144455
70.73274 21.10946
72.61179 21.079466
74.35662 21.079466
