1.3421773 35.17331
1.6106128 34.028065
1.8790482 32.912827
2.0132658 31.857656
2.2817013 30.927813
2.415919 30.032963
2.6843545 29.148111
2.95279 28.298254
2.95279 27.528383
3.2212255 26.788507
3.3554432 26.098623
3.6238787 25.448732
3.7580965 24.773846
3.8923142 24.188944
4.1607494 23.649035
4.294967 23.07913
4.429185 22.559217
4.5634027 22.079298
4.6976204 21.559385
4.831838 21.104462
4.966056 20.664536
5.1002736 20.249605
5.2344913 19.819677
5.368709 19.439741
5.502927 19.069803
5.6371446 18.694866
5.7713623 18.364922
5.90558 18.004982
6.1740155 17.695034
6.1740155 17.345093
6.3082333 17.045143
6.442451 16.755192
6.5766687 16.755192
6.7108865 16.735195
6.845104 16.7102
6.979322 16.7052
7.1135397 16.690203
7.2477574 16.675205
7.2477574 16.64521
7.381975 16.640211
7.516193 16.620214
7.6504107 16.620214
