0.26843545 24.428904
4.5634027 23.73402
8.85837 23.08413
12.750684 22.464233
16.777216 21.879332
20.535313 21.309427
24.427626 20.784515
27.917288 20.274601
31.406948 19.789682
34.89661 19.32476
38.52049 18.879835
42.144367 18.454906
45.63403 18.054974
48.721035 17.66504
51.808044 17.290102
54.89505 16.930162
58.116276 16.580221
60.800632 16.260275
63.887638 15.920317
66.70621 15.62031
69.52478 15.325303
72.07492 15.035296
74.89349 14.76529
77.44363 14.495284
80.12798 14.235278
82.81234 13.9902725
85.36247 13.975272
87.7784 13.965272
90.19431 13.955272
92.87867 13.940271
95.56302 13.930271
98.11316 13.915271
100.529076 13.905271
102.81078 13.89027
105.62935 13.88027
108.17949 13.855269
110.863846 13.845269
113.145546 13.830269
116.098335 13.820269
118.78269 13.805268
121.332825 13.795268
123.74875 13.785268
126.03045 13.780268
128.84901 13.765267
131.53337 13.760267
133.9493 13.755267
136.23099 13.750267
139.04956 13.740267
141.5997 13.730267
144.01562 13.725266
146.43153 13.720266
149.11589 13.710266
151.80025 13.700266
154.21617 13.690266
156.49786 13.685266
159.31644 13.680265
162.0008 13.670265
164.41672 13.665265
166.69843 13.660265
169.24855 13.660265
