0.5368709 50.67662
0.9395241 48.456146
1.3421773 46.435715
1.7448305 44.555313
2.0132658 42.834946
2.415919 41.2196
2.8185723 39.739285
3.2212255 38.338985
3.489661 37.04871
3.8923142 35.82845
4.1607494 34.688206
4.429185 33.62298
4.831838 32.60776
5.1002736 31.65769
5.502927 30.752842
5.7713623 29.902985
6.039798 29.088121
6.3082333 28.313251
6.5766687 27.598372
6.845104 26.908487
7.1135397 26.2336
7.381975 25.608706
7.6504107 25.003807
7.918846 24.433903
8.053063 23.873997
8.321499 23.349085
8.589934 22.83917
8.724153 22.349253
8.992588 21.88933
9.2610235 21.434406
9.395241 21.004478
9.663676 20.589548
9.7978945 20.194614
10.06633 19.80468
10.200547 19.429743
10.334765 19.069803
10.603201 18.719862
10.737418 18.384918
10.871636 18.064972
11.140072 18.044975
11.274289 18.01998
11.408507 18.004982
11.676942 17.979986
11.81116 17.949991
12.079596 17.929995
12.213813 17.914997
12.348031 17.895
12.6164665 17.865005
12.750684 17.855007
13.019119 17.825012
13.1533375 17.810015
13.287555 17.790018
13.55599 17.770021
13.690208 17.750025
13.824426 17.730028
14.092861 17.71503
14.227079 17.680037
14.495515 17.650042
14.629732 17.640043
14.76395 17.615047
14.898168 17.59505
15.032386 17.575054
15.300821 17.550058
15.435039 17.54506
15.569257 17.53506
15.703474 17.520063
15.9719095 17.505066
16.106127 17.505066
16.240345 17.47507
16.508781 17.47507
16.642998 17.460073
16.777216 17.450075
16.911434 17.435078
17.045652 17.42508
17.314087 17.415081
17.448305 17.405083
17.582521 17.390085
17.850958 17.390085
17.985176 17.370089
18.25361 17.355091
18.387829 17.345093
18.522047 17.335094
18.790482 17.320097
18.9247 17.3051
19.058918 17.290102
19.327353 17.290102
19.46157 17.265106
19.595789 17.260107
19.730005 17.250109
19.864223 17.24011
20.13266 17.24011
