0.13421772 17.830011
0.4026532 17.385086
0.5368709 16.970156
0.67108864 16.575222
0.8053064 16.185287
0.9395241 15.835315
1.0737418 15.480307
1.2079595 15.155299
1.3421773 14.825292
1.476395 14.530285
1.6106128 14.230278
1.7448305 13.9452715
1.8790482 13.670265
2.0132658 13.405259
2.1474836 13.160254
2.2817013 12.905248
2.415919 12.670242
2.5501368 12.445237
2.6843545 12.225232
2.8185723 12.010227
2.95279 12.000227
3.0870078 11.9802265
3.2212255 11.9802265
3.3554432 11.960226
3.3554432 11.945226
3.489661 11.9352255
3.6238787 11.930225
3.7580965 11.915225
3.8923142 11.895225
4.0265317 11.895225
4.1607494 11.880224
4.294967 11.865224
4.429185 11.850224
4.5634027 11.840223
4.6976204 11.815223
4.6976204 11.810223
4.831838 11.810223
4.966056 11.8052225
5.1002736 11.795222
5.2344913 11.790222
5.368709 11.785222
5.502927 11.780222
5.6371446 11.780222
5.6371446 11.7602215
5.7713623 11.7602215
