2.1474836 52.64204
2.415919 50.62161
2.8185723 48.76121
2.95279 47.02084
3.2212255 45.400494
3.6238787 43.89017
3.8923142 42.42986
4.1607494 41.11958
4.294967 39.869312
4.5634027 38.664055
4.831838 37.553818
5.1002736 36.48859
5.368709 35.473373
5.502927 34.51817
5.7713623 33.647984
5.90558 32.802803
6.1740155 31.992634
6.3082333 31.24276
6.442451 30.497885
6.7108865 29.798002
6.845104 29.15311
7.1135397 28.513218
7.2477574 27.893322
7.381975 27.31342
7.516193 26.743515
7.6504107 26.188608
7.7846284 25.683693
8.053063 25.16378
8.187282 24.68886
8.321499 24.223938
8.455717 23.779013
8.589934 23.339087
8.724153 22.90416
8.992588 22.519224
8.992588 22.119291
9.2610235 22.094296
9.395241 22.084297
9.395241 22.059301
9.529459 22.039305
9.7978945 22.039305
9.7978945 22.00431
9.932112 21.984314
10.06633 21.964317
10.200547 21.94932
10.334765 21.939322
10.603201 21.939322
