0.26843545 22.6642
3.7580965 21.999311
7.516193 21.374416
11.274289 20.794514
14.495515 20.229609
17.985176 19.694698
21.206402 19.189783
24.561844 18.714863
27.78307 18.25494
31.004295 17.825012
33.957085 17.410082
36.775658 17.010149
39.728447 16.625214
42.681236 16.265274
45.63403 15.905316
48.049946 15.570309
50.734303 15.250301
53.418655 14.940294
55.834576 14.640287
58.51893 14.350281
60.800632 14.080275
63.35077 13.810268
65.63247 13.560263
68.18261 13.310257
70.598526 13.070251
72.74601 12.840246
75.02771 12.620241
77.30941 12.605241
79.59111 12.600241
81.738594 12.595241
83.75186 12.58524
86.16778 12.57524
88.449486 12.55524
90.462746 12.55024
92.47601 12.545239
94.89194 12.535239
97.03942 12.530239
99.05268 12.525239
101.468605 12.525239
103.61609 12.520239
105.62935 12.515239
108.04527 12.515239
