11.945377 21.809343
14.361297 21.239439
16.374563 20.729525
18.25361 20.249605
19.998442 19.794682
21.743273 19.344757
23.62232 18.91483
25.367151 18.514896
26.977764 18.114964
28.588377 17.745026
30.064772 17.380087
31.541166 17.035145
33.15178 16.680204
34.76239 16.355259
36.238785 16.035313
37.8494 15.760313
39.191578 15.465306
40.533752 15.1803
42.010147 14.895293
43.21811 14.635287
44.560287 14.610287
45.902462 14.590286
47.110424 14.555285
48.4526 14.530285
49.66056 14.495284
51.136955 14.475284
52.47913 14.455283
53.68709 14.420282
55.02927 14.390282
56.505665 14.370281
57.713623 14.340281
58.92158 14.32528
60.26376 14.2952795
61.605938 14.2952795
62.813896 14.290279
64.156075 14.270279
65.49825 14.260279
66.70621 14.255279
67.91417 14.250278
69.25635 14.240278
70.598526 14.235278
71.80649 14.220278
73.14866 14.200277
74.49084 14.190277
75.6988 14.190277
77.04098 14.165277
78.383156 14.155276
79.725334 14.140276
81.067505 14.125276
82.27547 14.125276
83.48343 14.115275
84.82561 14.110275
86.03356 14.090275
87.37574 14.080275
88.449486 14.075274
89.92588 14.070274
91.133835 14.050274
92.47601 14.040274
93.683975 14.040274
