0.67108864 51.301754
5.368709 47.615967
9.395241 44.410282
13.1533375 41.609684
16.777216 39.119152
20.401094 36.888676
23.756538 34.90325
26.709328 33.10787
29.5279 31.48272
32.346474 30.002968
35.030827 28.653194
37.580963 27.403404
39.862667 26.2336
42.010147 25.183777
44.426067 24.188944
46.57355 23.284096
48.58682 22.409243
50.600082 21.619375
52.47913 21.539389
54.492397 21.4744
56.371445 21.419409
58.384712 21.374416
60.129543 21.319426
62.142807 21.29443
64.02186 21.259436
65.9009 21.209444
68.048386 21.124458
69.92744 21.074467
71.940704 21.05947
73.81975 21.04947
75.96723 21.019476
77.84628 20.99448
79.59111 20.979483
81.60438 20.979483
