0.4026532 35.728428
6.3082333 34.638195
11.945377 33.617977
17.582521 32.637768
23.08545 31.72268
28.185722 30.862823
33.285995 30.037962
38.117836 29.248095
42.949673 28.508219
47.513077 27.798338
52.210697 27.12845
56.505665 26.47856
60.93485 25.868662
65.22981 25.273762
69.659004 24.713856
73.81975 24.168947
77.84628 23.654034
81.87281 23.159117
85.76513 22.679197
89.38901 22.229273
93.1471 21.77435
96.77098 21.359419
100.26064 20.93949
103.750305 20.554554
107.23997 20.16462
110.46119 19.79968
113.816635 19.439741
117.03786 19.099798
120.25909 18.764854
123.48031 18.744858
126.70154 18.709864
129.92276 18.689867
133.00977 18.659872
136.23099 18.619879
139.18378 18.604881
142.2708 18.579885
145.22359 18.55489
148.44481 18.524895
151.3976 18.499899
154.35039 18.464905
157.4374 18.42991
160.39018 18.409914
163.34297 18.364922
166.29576 18.334927
169.24855 18.31493
172.20134 18.279936
175.15413 18.264938
178.10692 18.229944
181.05971 18.19995
184.01251 18.174953
186.9653 18.149958
190.0523 18.114964
193.0051 18.084969
196.0921 18.059973
199.17911 18.024979
202.40033 17.999983
205.48734 17.974987
208.70857 17.939993
211.79558 17.919996
214.74837 17.890001
217.56694 17.855007
220.65395 17.830011
223.74095 17.805016
226.69374 17.790018
229.91496 17.765022
232.86775 17.745026
235.68633 17.72003
238.63911 17.71503
241.72614 17.705032
244.81314 17.700033
248.03436 17.680037
250.98715 17.66004
253.93994 17.66004
256.89273 17.630045
259.97974 17.620047
263.20096 17.615047
266.01953 17.60005
268.97232 17.59505
272.05933 17.585052
275.01212 17.570055
278.09912 17.560057
280.9177 17.54506
283.87048 17.54506
286.82327 17.520063
290.04453 17.505066
292.86307 17.500067
295.8159 17.490068
298.9029 17.470072
301.9899 17.470072
304.9427 17.450075
307.89548 17.435078
310.84827 17.435078
313.93527 17.42008
316.75385 17.42008
319.84085 17.395084
322.92786 17.385086
326.14908 17.375088
328.96765 17.36009
331.92044 17.350092
335.00745 17.340094
337.96024 17.320097
340.7788 17.320097
343.8658 17.3051
346.95282 17.295101
349.7714 17.280104
352.72418 17.270105
355.8112 17.265106
358.62976 17.24511
361.71677 17.230112
364.80377 17.225113
367.75656 17.210115
370.57513 17.200117
373.66214 17.190119
376.74918 17.18012
379.56775 17.165123
382.52054 17.155125
385.60754 17.140127
388.56033 17.135128
391.51312 17.12013
394.60013 17.110132
397.4187 17.095135
400.5057 17.080137
403.4585 17.075138
406.4113 17.06514
409.4983 17.040144
412.31686 17.040144
415.13544 17.025146
418.08823 17.025146
421.04102 17.00515
423.9938 16.990152
427.0808 16.980154
429.89938 16.980154
