0.13421772 13.1152525
2.5501368 12.165231
4.5634027 12.095229
6.845104 12.025228
9.126805 11.955226
11.274289 11.890224
13.287555 11.845223
15.435039 11.800222
17.71674 11.745221
19.998442 11.70522
22.145926 11.650219
24.29341 11.600218
26.306675 11.545217
28.31994 11.510216
30.333206 11.485215
32.212254 11.465215
34.359737 11.440214
36.64144 11.415214
38.788925 11.395213
40.936405 11.375213
43.21811 11.360212
45.365593 11.330212
47.378857 11.315211
49.66056 11.285211
51.808044 11.26021
53.95553 11.26021
