0.13421772 14.905293
2.8185723 14.280279
5.2344913 13.715266
7.7846284 13.185254
10.06633 12.690243
12.348031 12.230232
14.629732 11.795222
16.642998 11.7602215
18.656263 11.730221
20.803747 11.70522
22.817015 11.69022
24.964497 11.660219
26.977764 11.650219
28.99103 11.645219
31.138514 11.640219
33.285995 11.625218
35.299263 11.615218
37.312527 11.610218
39.325794 11.600218
41.473278 11.585217
43.486546 11.585217
45.49981 11.570217
47.513077 11.560217
49.52634 11.550217
51.673824 11.540216
53.82131 11.535216
55.834576 11.520216
57.84784 11.515216
59.72689 11.500216
61.740154 11.495215
63.887638 11.485215
66.035126 11.475215
68.048386 11.470215
70.06165 11.460215
71.940704 11.445214
73.95397 11.430214
76.10145 11.420214
78.114716 11.410213
80.12798 11.395213
82.14125 11.385213
84.15452 11.370213
86.03356 11.360212
88.04683 11.350212
90.19431 11.340212
92.20758 11.325212
94.355064 11.325212
