0.26843545 20.554554
3.7580965 18.779852
6.979322 17.270105
9.7978945 15.970318
12.6164665 14.845292
15.166603 14.76029
17.71674 14.655288
20.266876 14.560286
22.817015 14.500284
25.501368 14.460283
28.185722 14.420282
30.601643 14.385282
33.15178 14.355281
35.701916 14.30528
38.252052 14.275279
40.80219 14.235278
43.352325 14.190277
45.768246 14.160276
48.318382 14.1202755
51.002735 14.080275
53.55287 14.045274
55.968792 14.010273
58.51893 13.970272
61.069065 13.935271
63.484985 13.89527
65.9009 13.855269
68.58526 13.825269
71.001175 13.785268
73.551315 13.750267
76.10145 13.710266
78.383156 13.675265
80.79907 13.675265
