0.67108864 29.593037
3.0870078 28.6232
5.502927 27.708353
7.7846284 26.843498
10.06633 26.038633
12.213813 25.27876
14.495515 24.543884
16.642998 23.859
18.656263 23.209108
20.66953 22.579214
22.682796 21.979315
24.696062 21.419409
26.57511 20.909494
28.588377 20.40458
30.467424 19.91966
32.078037 19.454739
33.957085 19.014812
35.5677 18.599882
37.312527 18.19495
38.92314 17.810015
40.667973 17.445076
42.278584 17.090136
43.8892 16.745193
45.365593 16.415249
46.841988 16.125298
48.4526 15.820314
49.794777 15.530308
51.136955 15.250301
52.61335 14.985295
53.95553 14.715289
55.163486 14.475284
56.371445 14.4702835
57.579407 14.455283
58.787365 14.440283
60.129543 14.435283
61.605938 14.415282
63.082333 14.405282
64.42451 14.390282
65.9009 14.385282
67.3773 14.375281
68.719475 14.365281
70.06165 14.355281
71.53805 14.350281
72.880226 14.345281
74.35662 14.33528
75.6988 14.32028
77.17519 14.31528
78.51737 14.30528
79.85955 14.285279
81.335945 14.270279
82.67812 14.265279
84.020294 14.260279
85.36247 14.245278
86.83887 14.235278
88.181046 14.230278
89.65744 14.220278
90.99962 14.210278
92.47601 14.200277
93.95241 14.180277
95.4288 14.165277
96.77098 14.160276
97.97894 14.150276
99.1869 14.135276
100.39486 14.135276
