0.26843545 26.483559
0.5368709 24.733852
0.67108864 23.189112
0.9395241 21.82434
1.2079595 20.599546
1.3421773 19.489733
1.476395 18.499899
1.7448305 18.42991
1.8790482 18.36992
2.0132658 18.304932
2.1474836 18.25994
2.2817013 18.224945
2.5501368 18.204948
2.6843545 18.164955
2.8185723 18.13996
3.0870078 18.094967
3.2212255 18.069971
3.3554432 18.039976
3.6238787 17.999983
3.7580965 17.969988
3.8923142 17.939993
4.1607494 17.9
4.294967 17.860006
4.429185 17.830011
4.6976204 17.795017
4.831838 17.755024
4.966056 17.725029
5.2344913 17.695034
5.368709 17.66004
5.502927 17.630045
5.7713623 17.590052
5.90558 17.560057
6.039798 17.525063
6.3082333 17.48507
6.442451 17.450075
6.7108865 17.42508
6.845104 17.390085
6.979322 17.350092
7.1135397 17.325096
7.2477574 17.295101
7.516193 17.250109
7.6504107 17.220114
7.7846284 17.190119
7.918846 17.155125
8.187282 17.130129
8.321499 17.095135
8.455717 17.055141
8.724153 17.025146
8.85837 16.995152
8.992588 16.95016
9.2610235 16.920164
9.395241 16.88017
9.529459 16.850176
9.7978945 16.810183
9.932112 16.780188
10.06633 16.745193
10.200547 16.715199
10.468983 16.675205
10.603201 16.64521
10.737418 16.615215
10.871636 16.615215
