0.26843545 21.959318
0.4026532 21.084465
0.67108864 20.2796
0.8053064 19.544724
1.0737418 18.829844
1.2079595 18.179953
1.3421773 18.124962
1.6106128 18.089968
1.7448305 18.049974
1.8790482 18.01498
2.0132658 17.964989
2.1474836 17.924995
2.415919 17.870005
2.5501368 17.83501
2.6843545 17.78002
2.95279 17.725029
3.0870078 17.685036
3.2212255 17.670038
3.489661 17.650042
3.6238787 17.625046
3.7580965 17.60005
4.0265317 17.570055
4.1607494 17.555058
4.294967 17.520063
4.5634027 17.520063
4.6976204 17.500067
4.831838 17.47507
4.966056 17.450075
5.1002736 17.430079
5.368709 17.415081
5.502927 17.390085
5.6371446 17.36009
5.90558 17.345093
6.039798 17.315098
6.3082333 17.3001
6.442451 17.3001
