0.8053064 14.490284
0.9395241 13.910271
1.0737418 13.380259
1.2079595 12.900248
1.3421773 12.445237
1.476395 12.030228
1.6106128 11.625218
1.7448305 11.620218
1.8790482 11.615218
2.0132658 11.610218
2.1474836 11.605218
2.2817013 11.595218
2.2817013 11.585217
2.415919 11.580217
2.5501368 11.570217
2.6843545 11.560217
2.8185723 11.550217
2.95279 11.540216
3.0870078 11.535216
3.2212255 11.525216
3.3554432 11.515216
3.3554432 11.500216
3.489661 11.495215
3.6238787 11.485215
3.7580965 11.480215
3.8923142 11.465215
4.0265317 11.460215
4.1607494 11.450214
4.294967 11.445214
4.429185 11.435214
4.5634027 11.425214
4.6976204 11.420214
4.6976204 11.400213
4.831838 11.395213
4.966056 11.380213
5.1002736 11.370213
5.2344913 11.355212
5.368709 11.345212
5.502927 11.325212
5.6371446 11.320211
5.7713623 11.300211
5.90558 11.295211
5.90558 11.2802105
6.039798 11.27021
6.1740155 11.25521
6.3082333 11.24021
6.442451 11.24021
