0.13421772 19.02981
3.3554432 17.875004
6.3082333 16.845177
9.126805 15.925317
11.81116 15.105298
14.361297 15.025296
16.911434 14.955295
19.46157 14.910294
22.011707 14.870293
24.427626 14.830292
26.977764 14.800291
29.662117 14.74029
32.212254 14.705289
34.628174 14.665288
37.044094 14.620287
39.46001 14.565286
41.741714 14.525285
44.29185 14.490284
46.976204 14.440283
49.52634 14.400282
52.076477 14.340281
54.492397 14.2952795
56.908318 14.250278
59.324234 14.205277
61.740154 14.155276
64.156075 14.125276
66.57199 14.100275
68.987915 14.070274
71.40383 14.050274
73.81975 14.020273
76.23567 13.9902725
78.65159 13.970272
81.20173 13.935271
83.617645 13.915271
86.03356 13.86527
88.449486 13.855269
90.99962 13.830269
93.54976 13.795268
95.965675 13.775268
98.247375 13.740267
100.39486 13.710266
102.81078 13.680265
105.09248 13.665265
107.5084 13.635264
110.05854 13.600264
112.47446 13.575263
114.89037 13.545262
117.17207 13.520262
119.45378 13.485261
121.8697 13.485261
