0.5368709 21.794346
2.8185723 21.344421
4.831838 20.909494
6.7108865 20.494564
8.724153 20.084633
10.468983 19.6797
12.213813 19.309763
14.092861 18.944824
15.703474 18.594883
17.314087 18.25994
18.9247 17.934994
20.535313 17.890001
22.145926 17.875004
23.756538 17.850008
25.367151 17.825012
26.843546 17.790018
28.454159 17.755024
30.064772 17.730028
31.675385 17.705032
33.15178 17.675037
34.628174 17.65504
36.238785 17.620047
37.8494 17.610048
39.46001 17.580053
40.936405 17.54006
42.54702 17.505066
44.15763 17.470072
45.49981 17.445076
46.976204 17.42508
48.721035 17.405083
50.465866 17.380087
51.94226 17.355091
53.55287 17.320097
55.163486 17.295101
56.63988 17.275105
58.250492 17.235111
59.861107 17.205116
61.3375 17.165123
62.948116 17.135128
64.55872 17.100134
66.035126 17.075138
67.64574 17.045143
68.987915 17.030146
70.598526 17.00515
72.20914 16.990152
73.68553 16.975155
75.29614 16.955158
76.77254 16.935162
78.24893 16.905167
79.725334 16.895168
81.20173 16.895168
