0.26843545 20.604546
0.4026532 19.669703
0.67108864 18.779852
0.8053064 17.95999
0.9395241 17.210115
1.0737418 16.515232
1.3421773 15.885316
1.476395 15.3003025
1.6106128 14.75529
1.7448305 14.240278
1.8790482 14.235278
2.0132658 14.225278
2.1474836 14.220278
2.2817013 14.210278
2.415919 14.205277
2.5501368 14.195277
2.8185723 14.180277
2.95279 14.180277
3.0870078 14.165277
3.2212255 14.150276
3.3554432 14.145276
3.489661 14.135276
3.6238787 14.125276
3.7580965 14.1202755
3.8923142 14.110275
4.0265317 14.100275
4.1607494 14.090275
4.294967 14.070274
4.429185 14.060274
4.5634027 14.050274
4.6976204 14.040274
4.966056 14.030273
5.1002736 14.020273
5.2344913 14.010273
5.368709 13.995273
5.502927 13.975272
5.6371446 13.965272
5.7713623 13.955272
5.90558 13.935271
6.039798 13.920271
6.1740155 13.910271
6.3082333 13.89527
6.442451 13.88027
6.5766687 13.87027
6.7108865 13.86027
6.845104 13.840269
7.1135397 13.825269
7.1135397 13.8152685
7.2477574 13.805268
7.516193 13.780268
7.6504107 13.760267
7.6504107 13.745267
7.7846284 13.720266
8.053063 13.710266
8.187282 13.700266
8.321499 13.700266
