3.0870078 24.013973
3.2212255 22.42924
3.3554432 21.024475
3.489661 19.79968
3.6238787 18.689867
3.7580965 17.730028
3.7580965 17.705032
3.8923142 17.675037
4.0265317 17.640043
4.1607494 17.60005
4.1607494 17.560057
4.294967 17.525063
4.429185 17.495068
4.5634027 17.450075
4.6976204 17.42508
4.831838 17.390085
4.966056 17.36009
5.1002736 17.320097
5.2344913 17.280104
5.2344913 17.250109
5.368709 17.200117
5.502927 17.155125
5.6371446 17.12013
5.6371446 17.095135
5.7713623 17.045143
5.90558 17.010149
6.039798 17.010149
