6.5766687 36.94869
9.529459 35.073288
12.6164665 34.09808
15.300821 33.21789
18.387829 32.37271
21.206402 31.522713
23.890755 30.792835
26.709328 29.977972
29.5279 29.263092
32.078037 28.628199
34.76239 27.96331
37.17831 27.36841
39.59423 26.703522
41.87593 26.083626
44.15763 25.573711
46.439335 25.058798
48.85525 24.593876
50.86852 24.138952
53.016003 23.669031
55.02927 23.31409
57.176754 22.824173
59.190018 22.48423
61.069065 22.12929
63.21655 21.664368
65.36404 21.494396
67.3773 21.419409
69.390564 21.419409
