0.9395241 24.323921
1.0737418 23.459066
1.2079595 22.644203
1.3421773 21.879332
1.476395 21.184448
1.6106128 20.534557
1.7448305 19.904663
1.8790482 19.309763
2.0132658 18.779852
2.1474836 18.234943
2.2817013 17.740026
2.415919 17.275105
2.5501368 16.83018
2.6843545 16.420248
2.6843545 16.020315
2.8185723 15.64031
2.95279 15.285302
3.0870078 14.940294
3.2212255 14.610287
3.2212255 14.270279
3.3554432 13.985272
3.489661 13.690266
3.6238787 13.420259
3.6238787 13.145253
3.7580965 12.885247
3.8923142 12.645242
3.8923142 12.405236
4.0265317 12.160231
4.5634027 12.160231
