1.2079595 38.464012
4.966056 33.76801
8.187282 30.077955
11.005854 27.083458
14.629732 24.613873
19.193134 22.6592
22.280144 20.864502
27.11198 19.419744
31.138514 18.13496
33.554432 17.030146
37.715183 16.045311
39.996883 15.130299
43.8892 14.370281
47.647293 13.665265
49.928993 13.625264
52.47913 13.585263
56.23723 13.585263
60.666412 13.585263
64.55872 13.585263
68.987915 13.585263
72.880226 13.585263
77.17519 13.585263
80.93329 13.585263
85.36247 13.585263
88.98635 13.585263
93.28132 13.585263
97.17364 13.585263
