0.13421772 17.250109
0.26843545 15.700312
0.5368709 14.400282
0.67108864 13.310257
0.8053064 12.370235
0.8053064 11.530216
0.9395241 11.500216
1.0737418 11.4552145
1.2079595 11.395213
1.3421773 11.365212
1.476395 11.305211
1.6106128 11.290211
1.7448305 11.2802105
1.7448305 11.26021
1.8790482 11.24021
2.0132658 11.220209
2.1474836 11.200209
2.2817013 11.185208
2.415919 11.160208
2.5501368 11.145207
2.5501368 11.110207
2.6843545 11.085206
2.8185723 11.070206
2.95279 11.050205
3.0870078 11.025205
3.0870078 11.000204
3.2212255 11.000204
