0.13421772 13.00525
0.26843545 12.330235
0.4026532 12.295234
0.5368709 12.250233
0.67108864 12.220232
0.8053064 12.180231
0.9395241 12.170231
1.0737418 12.160231
1.2079595 12.14523
1.3421773 12.12523
1.476395 12.1102295
1.6106128 12.095229
1.7448305 12.075229
1.8790482 12.055228
2.0132658 12.035228
2.1474836 12.005227
2.2817013 11.995227
2.415919 11.975226
2.415919 11.955226
2.5501368 11.945226
2.6843545 11.930225
2.8185723 11.910225
2.95279 11.890224
3.0870078 11.850224
3.2212255 11.835223
3.3554432 11.820223
3.489661 11.810223
3.489661 11.780222
3.6238787 11.7602215
3.7580965 11.7602215
