0.26843545 22.314259
0.4026532 21.05447
0.67108864 19.944656
0.8053064 18.929827
1.0737418 18.869837
1.2079595 18.809847
1.3421773 18.744858
1.6106128 18.694866
1.7448305 18.624878
2.0132658 18.569887
2.1474836 18.514896
2.2817013 18.454906
2.5501368 18.394917
2.6843545 18.334927
2.95279 18.269938
3.0870078 18.204948
3.2212255 18.13996
3.489661 18.07497
3.6238787 18.01998
3.7580965 17.944992
4.0265317 17.885002
4.1607494 17.830011
4.429185 17.755024
4.5634027 17.690035
4.6976204 17.65504
4.966056 17.625046
5.1002736 17.590052
5.2344913 17.560057
5.368709 17.53506
5.6371446 17.490068
5.7713623 17.460073
5.90558 17.415081
6.1740155 17.395084
6.3082333 17.370089
6.442451 17.325096
6.5766687 17.295101
6.845104 17.265106
6.979322 17.230112
7.1135397 17.190119
7.381975 17.155125
7.516193 17.12513
7.6504107 17.085136
7.7846284 17.045143
8.053063 17.010149
8.187282 16.990152
8.321499 16.94516
8.589934 16.910166
8.724153 16.895168
8.85837 16.850176
9.126805 16.82518
9.2610235 16.790186
9.395241 16.755192
9.529459 16.755192
