0.26843545 22.164284
0.5368709 21.70936
0.67108864 21.269434
0.9395241 20.839506
1.2079595 20.424576
1.3421773 20.04464
1.6106128 19.654705
1.7448305 19.294765
1.8790482 18.939825
2.1474836 18.594883
2.2817013 18.264938
2.415919 17.949991
2.6843545 17.924995
2.8185723 17.904999
3.0870078 17.885002
3.2212255 17.855007
3.489661 17.845009
3.6238787 17.825012
3.7580965 17.790018
3.8923142 17.77502
4.1607494 17.760023
4.294967 17.740026
4.429185 17.71503
4.6976204 17.685036
4.831838 17.675037
5.1002736 17.650042
5.2344913 17.635044
5.368709 17.610048
5.502927 17.60005
5.7713623 17.575054
5.90558 17.555058
6.1740155 17.53506
6.3082333 17.505066
6.442451 17.48507
6.7108865 17.465073
6.845104 17.440077
6.979322 17.410082
7.2477574 17.400084
7.381975 17.380087
7.516193 17.350092
7.7846284 17.340094
7.918846 17.330095
8.053063 17.310099
8.187282 17.3051
8.455717 17.290102
8.589934 17.275105
8.724153 17.265106
8.992588 17.250109
9.126805 17.250109
9.2610235 17.230112
9.529459 17.225113
9.663676 17.215115
9.7978945 17.205116
10.06633 17.18512
10.200547 17.175121
10.334765 17.160124
10.603201 17.160124
