2.2817013 43.65512
6.039798 42.19481
9.663676 40.829517
13.1533375 39.544243
16.374563 38.338985
19.864223 37.198742
23.08545 36.143517
26.306675 35.1383
29.393682 34.163094
32.48069 33.2529
35.43348 32.382713
38.252052 31.552708
41.20484 30.757841
43.8892 30.027964
46.57355 29.323082
48.98947 28.628199
51.539608 27.993305
53.95553 27.378408
56.371445 26.77351
58.787365 26.188608
61.203285 25.6387
63.484985 25.113789
65.766685 24.618872
67.77995 24.138952
69.92744 23.669031
72.07492 23.224106
74.222404 22.799177
76.36989 22.379248
78.24893 21.984314
80.2622 21.609377
82.14125 21.259436
84.288734 21.259436
