0.26843545 15.400305
2.8185723 15.120298
5.368709 14.855292
8.053063 14.590286
10.737418 14.565286
13.421773 14.550285
16.106127 14.525285
18.656263 14.515285
21.206402 14.505284
23.756538 14.490284
26.038239 14.480284
28.588377 14.4702835
31.004295 14.460283
33.420216 14.445283
35.836132 14.430283
38.38627 14.420282
40.80219 14.415282
43.352325 14.400282
45.902462 14.385282
48.4526 14.370281
51.002735 14.360281
53.55287 14.350281
56.103012 14.33528
58.65315 14.32528
61.3375 14.32028
64.02186 14.31028
66.57199 14.30028
68.85369 14.285279
71.269615 14.275279
73.68553 14.260279
76.23567 14.245278
78.785805 14.235278
81.335945 14.215278
83.75186 14.205277
86.43622 14.195277
88.98635 14.185277
91.402275 14.175277
93.81819 14.160276
96.23411 14.150276
98.65003 14.135276
101.200165 14.125276
103.750305 14.115275
106.30044 14.095275
108.85058 14.090275
111.13228 14.080275
113.548195 14.065274
115.96412 14.055274
118.380035 14.040274
120.930176 14.030273
123.48031 14.015273
126.03045 14.000273
128.44637 13.980272
130.86229 13.965272
133.2782 13.955272
135.69412 13.935271
138.37848 13.920271
140.66017 13.915271
143.0761 13.910271
145.49202 13.905271
147.90794 13.90027
150.45807 13.89027
153.00821 13.87527
155.28992 13.87027
157.70583 13.86527
160.12175 13.86027
162.67189 13.855269
165.0878 13.850269
167.50372 13.840269
169.78543 13.835269
172.33556 13.830269
174.75148 13.825269
177.1674 13.810268
179.4491 13.800268
181.86502 13.795268
184.41516 13.790268
186.9653 13.790268
