0.13421772 15.670311
2.8185723 15.045297
5.2344913 14.475284
7.516193 13.940271
9.7978945 13.43026
11.945377 12.960249
14.227079 12.915248
16.374563 12.885247
18.522047 12.850246
20.535313 12.815246
22.682796 12.775245
24.964497 12.730244
27.11198 12.690243
29.393682 12.645242
31.541166 12.610241
33.554432 12.57024
35.701916 12.535239
37.715183 12.490238
39.862667 12.455237
41.87593 12.415236
44.15763 12.370235
46.1709 12.350235
48.4526 12.335235
50.465866 12.320234
52.47913 12.305234
54.626614 12.290234
56.774097 12.280233
58.787365 12.265233
60.93485 12.245233
62.948116 12.220232
65.22981 12.215232
67.24308 12.200232
69.390564 12.185231
71.53805 12.175231
73.68553 12.15023
75.6988 12.13523
77.84628 12.12523
79.99377 12.11523
81.87281 12.090229
84.15452 12.075229
86.16778 12.060228
88.181046 12.035228
90.32853 12.025228
92.3418 12.010227
94.355064 11.995227
96.50255 11.990227
98.65003 11.965226
100.797516 11.945226
102.81078 11.9352255
104.95826 11.920225
107.10574 11.905225
108.984795 11.895225
111.13228 11.880224
113.27976 11.860224
115.15881 11.835223
117.17207 11.825223
119.31956 11.810223
121.46704 11.795222
123.34609 11.785222
125.35936 11.765222
127.50684 11.740221
129.65433 11.730221
131.66759 11.71522
133.54665 11.69522
135.69412 11.68522
137.84161 11.670219
139.85487 11.655219
141.86813 11.640219
144.01562 11.620218
146.1631 11.610218
148.17638 11.600218
150.18964 11.570217
152.2029 11.565217
154.21617 11.555217
156.36365 11.525216
158.51114 11.520216
160.5244 11.505216
162.53767 11.485215
164.41672 11.470215
166.5642 11.4552145
168.71169 11.425214
170.72495 11.420214
172.73822 11.400213
174.75148 11.390213
176.63052 11.390213
