0.26843545 26.11362
4.5634027 25.52372
8.85837 24.958815
13.019119 24.423904
17.045652 23.903992
20.937965 23.399076
24.83028 22.929155
28.722593 22.459234
32.48069 22.00931
36.10457 21.59438
39.728447 21.17945
43.352325 20.769518
46.841988 20.379583
50.063213 20.019644
53.28444 19.664703
56.505665 19.319761
59.72689 19.294765
62.948116 19.254772
66.16934 19.224777
69.390564 19.20478
72.47757 19.169786
75.6988 19.154789
78.92002 19.114796
82.27547 19.0848
85.36247 19.069803
88.449486 19.039808
91.67071 19.014812
94.89194 18.999815
97.97894 18.96982
101.200165 18.944824
104.421394 18.924828
107.5084 18.894833
110.595406 18.859838
113.816635 18.834843
116.769424 18.804848
119.99065 18.779852
123.34609 18.754856
126.4331 18.724861
129.52011 18.699865
132.74133 18.67487
135.82834 18.649874
138.91534 18.624878
142.00235 18.594883
145.08937 18.589884
148.44481 18.564888
151.3976 18.559889
154.61882 18.544891
157.57161 18.529894
160.65862 18.499899
163.87985 18.4899
166.96686 18.474903
170.05386 18.464905
173.14087 18.444908
176.36209 18.42991
179.31488 18.414913
182.26767 18.399916
185.35468 18.37992
188.57591 18.37492
191.5287 18.349924
194.74992 18.334927
197.70271 18.31493
200.78972 18.304932
203.87672 18.284935
206.96373 18.274937
210.05075 18.25994
213.13776 18.24994
216.22476 18.244942
219.31177 18.234943
222.39877 18.224945
225.35156 18.19495
228.30435 18.18995
231.52557 18.179953
234.47838 18.154957
237.56538 18.149958
240.38396 18.119963
243.47096 18.109964
246.69218 18.094967
249.77919 18.07997
252.73198 18.059973
255.9532 18.049974
258.906 18.039976
261.8588 18.024979
264.9458 18.004982
267.8986 17.984985
270.9856 17.969988
274.0726 17.944992
277.1596 17.929995
280.2466 17.909998
283.0652 17.890001
286.1522 17.870005
289.2392 17.855007
292.3262 17.83501
295.4132 17.815014
298.23178 17.795017
301.453 17.78002
304.4058 17.765022
307.3586 17.740026
310.44562 17.725029
313.53262 17.700033
316.3512 17.685036
319.57242 17.66004
322.5252 17.640043
325.34378 17.625046
328.4308 17.60005
331.5178 17.585052
334.6048 17.565056
337.6918 17.54506
340.7788 17.525063
343.7316 17.495068
346.55017 17.48507
349.63718 17.48507
352.58997 17.465073
355.67697 17.460073
358.49554 17.450075
361.58255 17.440077
364.66956 17.42508
367.48813 17.415081
370.44092 17.405083
373.52792 17.390085
376.4807 17.380087
379.4335 17.375088
382.25208 17.355091
385.47333 17.350092
388.42612 17.330095
391.3789 17.325096
394.19748 17.310099
397.15027 17.3001
400.23727 17.285103
403.32428 17.285103
406.14285 17.265106
409.09564 17.260107
412.04843 17.24511
415.13544 17.230112
418.08823 17.215115
421.04102 17.205116
423.8596 17.195118
426.67816 17.18012
429.76517 17.160124
432.71796 17.160124
435.67075 17.140127
438.62354 17.140127
441.57632 17.12513
444.5291 17.110132
447.61612 17.110132
