0.26843545 35.628407
0.5368709 31.967638
0.9395241 28.993137
1.0737418 26.488558
1.3421773 24.38891
1.6106128 22.579214
1.7448305 21.014477
2.0132658 19.639708
2.1474836 18.424911
2.2817013 17.350092
2.415919 16.385254
2.5501368 15.520308
2.6843545 15.460306
2.8185723 15.410305
3.0870078 15.355304
3.2212255 15.3003025
3.3554432 15.250301
3.489661 15.2003
3.6238787 15.145299
3.7580965 15.1252985
3.8923142 15.080297
4.1607494 15.060297
4.294967 15.035296
4.429185 15.000296
4.5634027 14.975295
4.6976204 14.940294
4.831838 14.915294
4.966056 14.900293
5.1002736 14.860292
5.2344913 14.830292
5.368709 14.805291
5.6371446 14.77029
5.7713623 14.75029
5.90558 14.720289
6.039798 14.690289
6.1740155 14.660288
6.3082333 14.640287
6.442451 14.605287
6.5766687 14.585286
6.7108865 14.550285
6.845104 14.525285
7.1135397 14.505284
7.2477574 14.460283
7.2477574 14.440283
7.516193 14.410282
7.6504107 14.380281
7.7846284 14.350281
7.918846 14.32528
8.053063 14.290279
8.187282 14.270279
8.321499 14.240278
8.455717 14.215278
8.589934 14.180277
8.724153 14.150276
8.992588 14.1202755
9.126805 14.105275
9.2610235 14.075274
9.395241 14.035274
9.529459 14.020273
9.663676 13.985272
9.7978945 13.955272
9.932112 13.930271
10.06633 13.905271
10.200547 13.87027
10.334765 13.840269
10.468983 13.8152685
10.603201 13.8152685
