0.4026532 28.638197
0.5368709 26.543549
0.8053064 24.718855
0.9395241 23.119123
1.2079595 21.699362
1.476395 20.45457
1.6106128 19.32976
1.8790482 18.324928
2.0132658 17.415081
2.1474836 16.570223
2.2817013 15.815314
2.415919 15.120298
2.5501368 14.490284
2.8185723 13.90027
2.95279 13.350258
3.0870078 12.850246
3.2212255 12.375236
3.3554432 11.940226
3.3554432 11.550217
3.489661 11.535216
3.6238787 11.515216
3.7580965 11.505216
3.8923142 11.495215
4.0265317 11.480215
4.1607494 11.465215
4.1607494 11.450214
4.294967 11.440214
4.429185 11.440214
