0.13421772 22.829172
4.5634027 21.484398
8.455717 20.2846
12.079596 19.189783
15.435039 18.214947
18.522047 18.129961
21.743273 18.044975
24.83028 17.969988
28.051506 17.890001
31.27273 17.815014
34.628174 17.725029
37.8494 17.650042
40.80219 17.580053
43.8892 17.500067
46.976204 17.42008
50.063213 17.345093
53.28444 17.260107
56.371445 17.170122
59.458454 17.090136
62.67968 17.035145
65.49825 16.985153
68.58526 16.925163
71.672264 16.875172
74.35662 16.810183
77.44363 16.750193
80.53064 16.690203
83.34921 16.670206
86.43622 16.635212
89.523224 16.605217
92.47601 16.58522
95.56302 16.565224
98.38159 16.540228
101.33438 16.515232
104.421394 16.515232
