0.26843545 25.123787
0.4026532 24.363914
0.5368709 23.639036
0.8053064 22.934155
0.9395241 22.30926
1.0737418 21.679365
1.2079595 21.099463
1.3421773 20.564552
1.476395 20.024643
1.6106128 19.539724
1.7448305 19.054806
1.8790482 18.589884
2.0132658 18.159956
2.1474836 17.745026
2.2817013 17.330095
2.415919 16.955158
2.415919 16.615215
2.5501368 16.260275
2.6843545 15.925317
2.8185723 15.61031
2.95279 15.295302
2.95279 14.990295
3.0870078 14.715289
3.2212255 14.460283
3.3554432 14.165277
3.489661 13.935271
3.7580965 13.935271
