0.26843545 23.923988
4.294967 22.914158
7.918846 21.984314
11.676942 21.11946
15.166603 20.319593
18.522047 19.56472
21.87749 18.869837
25.098715 18.214947
28.051506 18.154957
31.138514 18.109964
34.22552 18.059973
37.312527 18.024979
40.399536 17.984985
43.62076 17.944992
46.841988 17.909998
49.928993 17.875004
52.747566 17.84001
55.700356 17.805016
58.787365 17.760023
61.740154 17.730028
64.96138 17.695034
68.048386 17.66004
71.001175 17.610048
73.81975 17.580053
76.90676 17.53506
79.99377 17.500067
83.08077 17.460073
85.899345 17.415081
88.852135 17.385086
91.93914 17.335094
94.89194 17.3001
97.84473 17.265106
100.93173 17.225113
104.152954 17.18512
106.97153 17.135128
109.92432 17.100134
113.01133 17.055141
115.8299 17.020147
118.78269 16.980154
121.73548 16.930162
124.68827 16.895168
127.64106 16.855175
130.32541 16.835178
133.2782 16.815182
136.36522 16.790186
139.31801 16.755192
142.40501 16.740194
145.22359 16.740194
