0.26843545 24.823837
0.5368709 24.09396
0.8053064 23.394077
1.0737418 22.749186
1.2079595 22.12929
1.476395 21.544388
1.6106128 20.984482
1.8790482 20.45457
2.1474836 19.944656
2.2817013 19.479734
2.5501368 19.02481
2.6843545 18.594883
2.95279 18.179953
3.0870078 17.78002
3.2212255 17.405083
3.489661 17.040144
3.6238787 16.680204
3.7580965 16.355259
4.0265317 16.020315
4.1607494 15.720312
4.294967 15.4303055
4.429185 15.145299
4.5634027 14.885293
4.6976204 14.620287
4.831838 14.370281
4.966056 14.130276
5.2344913 13.89027
5.2344913 13.89027
