4.294967 33.557964
7.2477574 31.487719
9.932112 29.653027
12.750684 28.033298
15.166603 26.578543
17.448305 25.233768
19.730005 24.043968
21.743273 22.934155
24.024973 21.929323
25.904022 21.014477
27.917288 20.134624
29.930553 19.359755
31.675385 18.61488
33.420216 17.934994
35.165043 17.3001
36.775658 17.265106
38.52049 17.250109
40.1311 17.235111
41.741714 17.215115
43.486546 17.195118
44.96294 17.175121
46.57355 17.160124
48.184166 17.140127
49.66056 17.12513
51.27117 17.105133
52.881786 17.095135
54.35818 17.075138
55.968792 17.055141
57.579407 17.040144
59.0558 17.040144
