0.8053064 12.265233
2.95279 11.640219
5.1002736 11.585217
6.979322 11.535216
9.126805 11.510216
11.005854 11.480215
13.019119 11.440214
14.898168 11.415214
16.911434 11.380213
18.790482 11.340212
20.937965 11.310211
22.817015 11.27021
24.83028 11.24521
26.709328 11.215209
28.856812 11.180208
30.870077 11.175208
32.883343 11.160208
34.89661 11.140207
36.775658 11.125207
38.788925 11.110207
40.667973 11.095206
42.815456 11.085206
44.694504 11.065206
46.57355 11.050205
48.721035 11.035205
50.600082 11.015204
52.47913 11.000204
54.492397 11.000204
