1.476395 25.853664
1.6106128 24.198942
1.8790482 22.72419
2.0132658 21.419409
2.2817013 20.239607
2.415919 19.194782
2.6843545 18.244942
2.8185723 17.395084
2.95279 16.630213
3.2212255 15.910316
3.3554432 15.270302
3.489661 14.665288
3.6238787 14.105275
3.7580965 13.590263
3.8923142 13.1152525
4.0265317 12.670242
4.1607494 12.640242
4.1607494 12.6352415
4.294967 12.600241
4.429185 12.5902405
4.5634027 12.58524
4.6976204 12.56024
4.831838 12.55024
4.966056 12.545239
5.1002736 12.520239
5.2344913 12.500238
5.368709 12.485238
5.502927 12.465238
5.6371446 12.4602375
5.7713623 12.435237
5.7713623 12.425237
5.90558 12.420237
6.039798 12.390236
6.1740155 12.390236
6.3082333 12.375236
6.442451 12.345235
6.5766687 12.335235
6.7108865 12.310234
6.845104 12.295234
6.979322 12.290234
6.979322 12.275233
7.1135397 12.260233
7.2477574 12.245233
7.381975 12.230232
7.516193 12.210232
7.6504107 12.205232
7.7846284 12.190231
7.918846 12.175231
8.053063 12.160231
8.187282 12.14023
8.321499 12.12523
8.321499 12.100229
8.455717 12.095229
8.589934 12.080229
8.724153 12.065228
8.85837 12.055228
8.992588 12.030228
9.126805 12.025228
9.2610235 12.010227
9.395241 11.985227
9.529459 11.970226
9.663676 11.950226
9.7978945 11.930225
9.932112 11.920225
10.06633 11.905225
10.200547 11.890224
10.200547 11.885224
10.334765 11.870224
10.468983 11.845223
10.603201 11.840223
10.737418 11.825223
10.871636 11.825223
