1.3421773 22.524223
1.476395 22.049303
1.7448305 21.614376
1.8790482 21.17445
2.1474836 20.75452
2.415919 20.364586
2.5501368 19.964653
2.8185723 19.609713
2.95279 19.244774
3.0870078 18.899832
3.3554432 18.564888
3.489661 18.224945
3.6238787 18.209948
3.8923142 18.184952
4.0265317 18.164955
4.1607494 18.144958
4.429185 18.13496
4.5634027 18.104965
4.6976204 18.089968
4.966056 18.07997
5.1002736 18.039976
5.2344913 18.024979
5.502927 17.999983
5.6371446 17.989985
5.7713623 17.95999
6.039798 17.934994
6.1740155 17.929995
6.3082333 17.890001
6.5766687 17.875004
6.7108865 17.850008
6.979322 17.84001
7.1135397 17.815014
7.2477574 17.790018
7.516193 17.760023
7.6504107 17.750025
7.918846 17.730028
8.053063 17.700033
8.321499 17.685036
8.455717 17.66004
8.589934 17.630045
8.85837 17.625046
8.992588 17.60005
9.126805 17.575054
9.2610235 17.54506
9.529459 17.54006
9.663676 17.500067
9.7978945 17.48007
9.932112 17.460073
10.200547 17.440077
10.334765 17.430079
10.468983 17.415081
10.737418 17.410082
10.871636 17.395084
11.005854 17.395084
11.274289 17.36509
11.408507 17.36509
