0.13421772 21.459402
3.7580965 20.239607
7.1135397 19.154789
10.468983 18.169954
13.690208 18.089968
16.911434 18.01498
20.266876 17.919996
23.353884 17.830011
26.306675 17.750025
29.259464 17.670038
32.212254 17.590052
35.299263 17.510065
38.38627 17.42508
41.20484 17.335094
44.15763 17.24011
47.24464 17.195118
50.33165 17.135128
53.15022 17.075138
56.103012 17.025146
59.190018 16.970156
62.00859 16.900167
64.96138 16.855175
67.64574 16.795185
70.598526 16.740194
73.68553 16.700201
76.63832 16.665207
79.59111 16.665207
