0.26843545 22.239271
4.1607494 21.779348
8.053063 21.334423
11.542725 20.904495
15.032386 20.504562
18.522047 20.094631
21.87749 19.709696
25.232933 19.354755
28.454159 18.984818
31.8096 18.649874
35.030827 18.31493
38.252052 17.994984
41.473278 17.964989
44.694504 17.929995
47.91573 17.909998
51.002735 17.890001
54.089745 17.860006
57.176754 17.855007
60.26376 17.845009
63.35077 17.83501
66.57199 17.810015
69.659004 17.795017
72.61179 17.770021
75.6988 17.760023
78.785805 17.740026
81.87281 17.71503
84.95982 17.690035
88.04683 17.680037
90.99962 17.66004
93.95241 17.650042
97.17364 17.635044
100.39486 17.630045
103.34765 17.610048
106.30044 17.60505
109.38745 17.590052
112.60867 17.580053
115.69568 17.560057
118.78269 17.555058
121.8697 17.53506
124.9567 17.525063
128.17793 17.520063
131.13072 17.510065
134.08351 17.490068
137.17052 17.48507
140.1233 17.470072
143.34453 17.465073
146.1631 17.450075
149.11589 17.440077
152.33713 17.42508
155.42413 17.410082
158.37692 17.405083
161.46393 17.395084
164.55093 17.370089
167.3695 17.370089
170.3223 17.355091
173.4093 17.345093
176.63052 17.335094
179.4491 17.325096
182.40189 17.320097
185.62312 17.295101
188.57591 17.280104
191.39449 17.280104
194.48149 17.265106
197.83693 17.255108
200.6555 17.24011
203.74251 17.230112
206.82951 17.220114
209.7823 17.210115
212.73509 17.195118
215.82211 17.190119
218.7749 17.165123
221.72769 17.165123
224.8147 17.150126
227.63327 17.130129
230.45184 17.12513
233.53885 17.115131
236.35742 17.100134
239.31021 17.095135
242.39722 17.080137
245.35 17.075138
248.43701 17.055141
251.52402 17.045143
254.4768 17.045143
