0.13421772 29.897985
0.4026532 28.818167
0.5368709 27.808336
0.8053064 26.878492
0.9395241 26.008638
1.0737418 25.178778
1.3421773 24.408907
1.476395 23.699026
1.6106128 22.994144
1.7448305 22.339254
1.8790482 21.70936
2.0132658 21.134457
2.1474836 20.57955
2.415919 20.034641
2.5501368 19.559721
2.6843545 19.0848
2.8185723 18.624878
2.95279 18.174953
2.95279 17.745026
3.0870078 17.345093
3.2212255 16.970156
3.3554432 16.595219
3.489661 16.29027
3.6238787 15.940317
3.7580965 15.63031
3.8923142 15.305303
4.0265317 15.045297
4.1607494 14.705289
4.1607494 14.4702835
4.294967 14.215278
4.429185 13.925271
4.5634027 13.680265
4.5634027 13.480261
4.6976204 13.240255
4.831838 13.225255
4.966056 13.225255
