2.2817013 21.399412
2.415919 20.539557
2.5501368 19.73969
2.6843545 18.999815
2.8185723 18.294933
2.95279 17.670038
3.0870078 17.650042
3.2212255 17.625046
3.2212255 17.610048
3.3554432 17.570055
3.489661 17.54506
3.6238787 17.520063
3.7580965 17.495068
3.8923142 17.47507
4.0265317 17.445076
4.1607494 17.42008
4.1607494 17.400084
4.294967 17.375088
4.429185 17.355091
4.5634027 17.315098
4.6976204 17.285103
4.6976204 17.265106
4.831838 17.235111
4.966056 17.205116
5.1002736 17.175121
5.2344913 17.145126
5.368709 17.145126
