0.8053064 28.008303
8.455717 24.50889
13.287555 21.76435
16.777216 19.56972
19.864223 17.755024
22.817015 16.23528
25.769804 14.945294
28.185722 13.835269
30.467424 12.880247
32.614906 12.805245
34.76239 12.725244
37.044094 12.655242
39.191578 12.57524
41.33906 12.495238
43.352325 12.410236
45.49981 12.330235
47.513077 12.2852335
49.66056 12.230232
51.808044 12.165231
53.68709 12.13523
55.834576 12.095229
57.98206 12.070229
59.861107 12.045228
62.00859 12.005227
64.02186 11.985227
66.035126 11.945226
68.18261 11.910225
70.330086 11.890224
72.20914 11.860224
74.35662 11.820223
76.36989 11.795222
78.51737 11.770222
80.53064 11.730221
82.67812 11.70522
84.69138 11.67522
86.83887 11.640219
88.71792 11.605218
90.59697 11.575217
92.87867 11.550217
94.89194 11.515216
97.03942 11.480215
98.918465 11.4552145
100.93173 11.430214
102.81078 11.390213
104.95826 11.365212
107.10574 11.330212
109.11901 11.300211
111.13228 11.26521
113.145546 11.26521
