2.2817013 19.789682
2.415919 19.284767
2.5501368 18.839842
2.6843545 18.424911
2.8185723 18.039976
2.95279 17.630045
3.0870078 17.255108
3.2212255 16.89017
3.3554432 16.600218
3.489661 16.240278
3.489661 15.895316
3.6238787 15.62031
3.7580965 15.280302
3.8923142 15.030296
4.0265317 14.725289
4.0265317 14.4702835
4.1607494 14.240278
4.294967 14.010273
4.294967 13.710266
4.429185 13.710266
4.5634027 13.685266
4.5634027 13.670265
4.6976204 13.670265
4.831838 13.645265
4.966056 13.6402645
4.966056 13.6402645
