0.26843545 31.352741
0.5368709 29.318083
0.67108864 27.513386
0.9395241 25.908655
1.2079595 24.488894
1.3421773 23.209108
1.6106128 22.039305
1.8790482 20.99948
2.0132658 20.029642
2.1474836 19.14479
2.415919 18.344925
2.5501368 17.590052
2.6843545 16.895168
2.8185723 16.255276
2.95279 15.6503105
3.0870078 15.100298
3.3554432 14.580286
3.489661 14.540285
3.489661 14.505284
3.7580965 14.4702835
3.8923142 14.440283
4.0265317 14.410282
4.1607494 14.375281
4.294967 14.340281
4.429185 14.30028
4.5634027 14.270279
4.6976204 14.235278
4.831838 14.210278
4.966056 14.180277
5.1002736 14.165277
5.2344913 14.135276
5.368709 14.125276
5.502927 14.110275
5.6371446 14.095275
5.7713623 14.080275
5.90558 14.060274
6.039798 14.030273
6.1740155 14.010273
6.3082333 13.9902725
6.442451 13.985272
6.5766687 13.970272
6.7108865 13.940271
6.845104 13.930271
6.979322 13.905271
7.1135397 13.88527
7.2477574 13.87027
7.381975 13.850269
7.516193 13.835269
7.6504107 13.8152685
7.7846284 13.795268
7.918846 13.785268
8.053063 13.755267
8.187282 13.740267
8.321499 13.720266
8.455717 13.705266
8.589934 13.685266
8.724153 13.675265
8.85837 13.660265
8.992588 13.630264
9.126805 13.605264
9.395241 13.590263
9.529459 13.575263
9.663676 13.560263
9.7978945 13.535262
9.932112 13.520262
10.06633 13.510262
10.200547 13.485261
10.334765 13.485261
