0.13421772 20.63454
0.26843545 19.699697
0.5368709 18.839842
0.67108864 18.054974
0.8053064 17.330095
1.0737418 16.655209
1.2079595 16.020315
1.3421773 15.445306
1.476395 14.885293
1.6106128 14.865293
1.7448305 14.835292
1.8790482 14.805291
2.0132658 14.76529
2.2817013 14.73529
2.2817013 14.700289
2.5501368 14.660288
2.6843545 14.625287
2.8185723 14.605287
2.95279 14.560286
3.0870078 14.520285
3.2212255 14.505284
3.3554432 14.465283
3.489661 14.430283
3.6238787 14.395282
3.7580965 14.365281
3.8923142 14.32528
4.1607494 14.280279
4.294967 14.245278
4.429185 14.210278
4.5634027 14.175277
4.6976204 14.155276
4.831838 14.150276
4.966056 14.130276
5.1002736 14.105275
5.2344913 14.090275
5.368709 14.070274
5.502927 14.045274
5.6371446 14.025273
5.7713623 14.020273
5.90558 13.995273
6.039798 13.995273
