4.1607494 17.630045
5.6371446 16.925163
7.381975 16.28527
8.85837 15.680311
10.468983 15.100298
11.945377 14.590286
13.421773 14.550285
14.898168 14.500284
16.106127 14.475284
17.314087 14.440283
18.790482 14.405282
20.13266 14.360281
21.609055 14.33028
22.951231 14.2952795
24.159191 14.260279
25.635586 14.230278
27.11198 14.205277
28.31994 14.180277
29.662117 14.140276
31.004295 14.110275
32.212254 14.070274
33.554432 14.040274
34.89661 14.010273
36.238785 13.985272
37.446747 13.955272
38.788925 13.935271
40.1311 13.920271
41.33906 13.905271
42.681236 13.89527
43.8892 13.89527
