0.4026532 41.184593
0.67108864 39.754288
1.0737418 38.414
1.3421773 37.153732
1.7448305 35.988483
2.0132658 34.88825
2.415919 33.843025
2.6843545 32.857815
2.95279 31.927645
3.2212255 31.042793
3.489661 30.212933
3.7580965 29.423065
4.0265317 28.663193
4.294967 27.943314
4.5634027 27.258429
4.831838 26.603539
4.966056 25.983643
5.2344913 25.383743
5.502927 24.813839
5.7713623 24.26893
6.039798 23.744019
6.1740155 23.244102
6.442451 22.769182
6.5766687 22.314259
6.845104 21.874332
7.1135397 21.4694
7.2477574 21.05447
7.516193 20.669535
7.6504107 20.294598
7.7846284 19.92466
8.053063 19.579718
8.187282 19.234776
8.455717 18.91483
8.589934 18.90483
8.724153 18.889833
8.992588 18.879835
9.126805 18.869837
9.395241 18.844841
9.529459 18.844841
9.663676 18.829844
9.7978945 18.824844
10.06633 18.809847
10.200547 18.799849
10.468983 18.784851
10.603201 18.774853
10.737418 18.759855
11.005854 18.759855
11.140072 18.72986
11.274289 18.724861
11.542725 18.714863
11.676942 18.704865
11.81116 18.694866
12.079596 18.684868
12.213813 18.664871
12.482248 18.654873
12.6164665 18.644875
12.750684 18.639875
13.019119 18.629877
13.1533375 18.619879
13.287555 18.599882
13.55599 18.589884
13.690208 18.574886
13.958644 18.564888
14.092861 18.54989
14.227079 18.54989
14.495515 18.529894
14.629732 18.524895
14.76395 18.514896
15.032386 18.4949
15.166603 18.4899
15.300821 18.474903
15.569257 18.459906
15.703474 18.449907
15.837692 18.43491
15.9719095 18.43491
16.240345 18.414913
16.374563 18.409914
16.508781 18.399916
16.777216 18.37992
16.911434 18.36992
17.179869 18.359922
17.314087 18.349924
17.448305 18.334927
17.71674 18.31993
17.850958 18.31993
17.985176 18.299932
18.119392 18.294933
18.387829 18.284935
18.522047 18.264938
18.656263 18.24994
18.9247 18.239943
19.058918 18.229944
19.193134 18.219946
19.46157 18.19995
19.595789 18.19495
19.730005 18.184952
19.864223 18.174953
20.13266 18.154957
20.266876 18.144958
20.401094 18.13496
20.66953 18.124962
20.803747 18.114964
21.072184 18.109964
21.206402 18.084969
21.340618 18.07997
21.609055 18.064972
21.743273 18.044975
21.87749 18.039976
22.145926 18.029978
22.280144 18.024979
22.41436 18.009981
22.682796 17.994984
22.817015 17.994984
22.951231 17.969988
23.219667 17.969988
23.353884 17.95499
23.62232 17.929995
23.756538 17.924995
23.890755 17.914997
24.159191 17.904999
24.29341 17.895
24.427626 17.880003
24.561844 17.880003
24.83028 17.855007
24.964497 17.850008
25.098715 17.84001
25.367151 17.830011
25.501368 17.810015
25.769804 17.800016
25.904022 17.785019
26.038239 17.78002
26.306675 17.760023
26.440893 17.760023
26.57511 17.745026
26.709328 17.735027
26.843546 17.725029
27.11198 17.71503
27.246199 17.705032
27.514635 17.685036
27.648851 17.670038
27.78307 17.670038
28.051506 17.650042
28.185722 17.650042
28.31994 17.630045
28.588377 17.620047
28.722593 17.610048
28.856812 17.60005
29.125246 17.575054
29.259464 17.575054
29.393682 17.555058
29.5279 17.550058
29.796335 17.530062
29.930553 17.530062
30.064772 17.515064
30.333206 17.500067
30.467424 17.490068
30.735859 17.48507
30.870077 17.470072
31.004295 17.455074
31.27273 17.445076
31.406948 17.440077
31.541166 17.415081
31.8096 17.415081
31.8096 17.395084
32.078037 17.390085
32.212254 17.375088
32.346474 17.370089
32.614906 17.355091
32.749126 17.340094
32.883343 17.330095
33.15178 17.325096
33.285995 17.310099
33.420216 17.295101
33.68865 17.295101
