0.13421772 20.739523
3.7580965 19.909662
7.1135397 19.154789
10.468983 18.454906
13.55599 17.800016
16.508781 17.190119
19.595789 17.145126
22.548578 17.105133
25.501368 17.075138
28.31994 17.06014
31.138514 17.045143
34.091305 17.030146
37.312527 17.010149
40.26532 16.995152
43.21811 16.985153
46.1709 16.975155
48.98947 16.955158
51.808044 16.94016
54.626614 16.925163
57.579407 16.905167
60.532196 16.895168
63.6192 16.88017
66.57199 16.860174
69.52478 16.845177
72.34335 16.83018
75.16193 16.810183
78.114716 16.810183
