4.6976204 42.864952
4.966056 41.534668
5.2344913 40.269398
5.502927 39.089146
5.6371446 37.958904
5.90558 36.888676
6.039798 35.908466
6.3082333 34.928257
6.442451 34.00806
6.7108865 33.152878
6.845104 32.3227
7.1135397 31.53771
7.381975 30.782837
7.516193 30.057959
7.7846284 29.373074
7.918846 28.708185
8.053063 28.098288
8.321499 27.478392
8.455717 26.908487
8.589934 26.343582
8.724153 25.813671
8.992588 25.298758
9.126805 24.788843
9.2610235 24.318922
9.395241 23.844002
9.529459 23.399076
9.663676 22.969149
9.7978945 22.53922
9.932112 22.134289
10.06633 22.109293
10.200547 22.0693
10.334765 22.039305
10.468983 22.014309
10.603201 21.979315
10.737418 21.94432
10.871636 21.909327
11.005854 21.864334
11.140072 21.854336
11.274289 21.844337
11.408507 21.82434
11.542725 21.789347
11.676942 21.77435
11.81116 21.76435
11.945377 21.754353
12.079596 21.734356
12.213813 21.70936
12.348031 21.684364
12.482248 21.684364
12.750684 21.65437
12.884902 21.639372
13.019119 21.624374
13.1533375 21.624374
