0.26843545 15.400305
2.95279 14.440283
5.368709 13.605264
7.6504107 12.850246
9.932112 12.180231
11.945377 12.12023
14.227079 12.060228
16.374563 12.040228
18.387829 11.990227
20.535313 11.970226
22.682796 11.930225
24.696062 11.890224
26.843546 11.860224
28.99103 11.820223
31.004295 11.785222
33.017563 11.750221
35.165043 11.71022
37.312527 11.670219
39.325794 11.625218
41.20484 11.590218
43.21811 11.570217
45.365593 11.555217
47.513077 11.545217
49.52634 11.535216
51.539608 11.520216
53.418655 11.505216
55.56614 11.485215
57.713623 11.465215
59.72689 11.445214
61.740154 11.435214
63.6192 11.415214
65.63247 11.395213
67.77995 11.380213
69.79322 11.380213
