0.26843545 26.393574
4.6976204 24.503891
8.85837 22.889162
12.884902 21.464401
16.374563 20.194614
19.864223 19.0898
23.219667 18.064972
26.440893 17.145126
29.393682 16.320265
32.078037 15.570309
34.76239 14.880293
37.312527 14.250278
39.728447 13.670265
42.144367 13.140253
44.560287 12.655242
46.841988 12.200232
48.98947 11.780222
51.136955 11.385213
53.016003 11.375213
55.163486 11.365212
57.176754 11.355212
59.190018 11.340212
61.203285 11.330212
63.082333 11.320211
65.0956 11.305211
66.97465 11.305211
