0.13421772 28.453228
4.831838 27.588373
9.126805 26.793507
13.55599 26.038633
17.71674 25.318754
21.743273 24.63387
25.769804 23.988977
29.5279 23.37908
33.420216 22.789179
37.17831 22.229273
40.533752 21.699362
44.023415 21.189447
47.647293 20.709528
51.002735 20.244606
54.35818 19.794682
57.579407 19.374752
60.666412 18.959822
63.887638 18.564888
66.97465 18.179953
69.92744 17.825012
73.01444 17.470072
75.833015 17.12513
78.51737 16.805183
81.20173 16.495235
84.020294 16.190287
86.70465 15.900316
89.120575 15.62531
91.804924 15.360304
94.355064 15.355304
97.03942 15.355304
99.45534 15.340303
102.00547 15.325303
104.55561 15.3003025
106.97153 15.290302
109.65588 15.285302
112.0718 15.270302
114.62194 15.265302
117.3063 15.255301
119.72221 15.230301
122.27235 15.215301
124.554054 15.2053
127.10419 15.2003
129.78854 15.2003
132.20447 15.1953
134.7546 15.1853
137.17052 15.1753
139.72066 15.160299
142.40501 15.135299
144.82092 15.1252985
147.37106 15.110298
149.78699 15.100298
152.33713 15.095298
154.75304 15.065297
157.4374 15.060297
159.98753 15.040297
162.53767 15.030296
165.0878 15.025296
167.50372 15.020296
170.05386 15.010296
172.46979 15.005296
175.01991 15.005296
177.43584 14.995296
179.98598 14.995296
182.40189 14.990295
184.95203 14.980295
187.36795 14.975295
189.91809 14.960295
192.60243 14.940294
195.15257 14.935294
197.70271 14.915294
200.11864 14.910294
202.66876 14.905293
205.2189 14.900293
207.63483 14.890293
210.05075 14.885293
212.73509 14.880293
215.15102 14.870293
217.70116 14.870293
