0.8053064 36.278545
0.9395241 33.96305
1.2079595 31.907648
1.3421773 30.087954
1.476395 28.453228
1.7448305 26.973476
1.8790482 25.6387
2.0132658 24.418905
2.1474836 23.299093
2.2817013 22.284264
2.2817013 21.334423
2.415919 20.474567
2.5501368 19.659704
2.6843545 18.894833
2.8185723 18.244942
2.95279 17.60505
3.0870078 17.585052
3.0870078 17.560057
3.2212255 17.550058
3.3554432 17.510065
3.489661 17.48007
3.6238787 17.470072
3.7580965 17.435078
3.8923142 17.42008
3.8923142 17.375088
4.0265317 17.370089
4.1607494 17.335094
4.294967 17.310099
4.429185 17.285103
4.5634027 17.270105
4.6976204 17.235111
4.6976204 17.205116
4.831838 17.195118
4.966056 17.195118
