0.13421772 21.789347
0.26843545 21.189447
0.4026532 20.659536
0.5368709 20.134624
0.67108864 19.649706
0.8053064 19.174786
0.9395241 18.719862
1.0737418 18.279936
1.2079595 17.890001
1.3421773 17.490068
1.476395 17.105133
1.6106128 16.735195
1.7448305 16.400251
1.8790482 16.070307
2.0132658 15.750313
2.1474836 15.425305
2.2817013 15.155299
2.2817013 14.855292
2.415919 14.580286
2.5501368 14.33028
2.6843545 14.075274
2.8185723 13.810268
2.8185723 13.580263
2.95279 13.360258
3.0870078 13.345258
3.2212255 13.345258
3.2212255 13.330257
3.3554432 13.330257
