0.26843545 21.674366
3.8923142 21.129457
7.381975 20.624542
10.871636 20.124626
14.092861 19.659704
17.448305 19.219778
20.803747 18.79485
23.756538 18.37992
26.709328 17.989985
29.796335 17.615047
32.614906 17.255108
35.5677 16.905167
38.52049 16.565224
41.070625 16.250277
43.8892 15.940317
46.57355 15.6503105
49.257908 15.370304
51.94226 15.095298
54.492397 14.825292
56.908318 14.575286
59.324234 14.565286
61.605938 14.555285
64.02186 14.550285
66.437775 14.535285
68.987915 14.525285
71.40383 14.520285
73.81975 14.515285
76.23567 14.500284
78.65159 14.485284
81.067505 14.4702835
83.617645 14.465283
86.03356 14.465283
