0.8053064 22.84417
0.9395241 21.094463
1.2079595 19.574718
1.3421773 18.244942
1.476395 18.164955
1.7448305 18.084969
1.8790482 18.004982
2.0132658 17.929995
2.2817013 17.830011
2.415919 17.745026
2.5501368 17.650042
2.8185723 17.565056
2.95279 17.48507
3.0870078 17.440077
3.3554432 17.400084
3.489661 17.36509
3.7580965 17.310099
3.8923142 17.265106
4.0265317 17.220114
4.1607494 17.18012
4.294967 17.130129
4.5634027 17.085136
4.6976204 17.040144
4.831838 17.00515
5.1002736 16.965157
5.2344913 16.905167
5.368709 16.870173
5.6371446 16.83018
5.7713623 16.83018
