0.4026532 28.32325
0.5368709 25.258764
0.8053064 22.754185
1.0737418 20.69453
1.2079595 18.959822
1.3421773 17.48507
1.476395 16.215282
1.6106128 15.105298
1.7448305 15.050297
1.8790482 14.975295
2.0132658 14.910294
2.1474836 14.845292
2.2817013 14.780291
2.5501368 14.710289
2.5501368 14.640287
2.8185723 14.580286
2.95279 14.515285
3.0870078 14.435283
3.2212255 14.375281
3.3554432 14.33028
3.489661 14.2952795
3.6238787 14.255279
3.7580965 14.225278
3.8923142 14.180277
4.0265317 14.145276
4.1607494 14.115275
4.294967 14.080275
4.429185 14.040274
4.5634027 14.010273
4.6976204 13.970272
4.831838 13.930271
4.966056 13.89027
5.1002736 13.850269
5.2344913 13.8152685
5.368709 13.785268
5.502927 13.750267
5.6371446 13.720266
5.7713623 13.680265
5.90558 13.635264
6.039798 13.610264
6.3082333 13.565263
6.442451 13.535262
6.5766687 13.490261
6.7108865 13.490261
