0.5368709 53.512226
1.0737418 51.021694
1.476395 48.75121
2.0132658 46.665764
2.415919 44.750355
2.8185723 42.98998
3.2212255 41.35963
3.489661 39.834305
3.8923142 38.419003
4.294967 37.083717
4.5634027 35.853455
4.966056 34.698208
5.368709 33.602974
5.6371446 32.582756
5.90558 31.612698
6.3082333 30.692852
6.5766687 29.832996
6.845104 29.013134
7.1135397 28.228266
7.381975 27.498388
7.6504107 26.798506
7.918846 26.12362
8.187282 25.483727
8.455717 24.883827
8.589934 24.303925
8.85837 23.73902
9.126805 23.209108
9.2610235 22.689196
9.529459 22.209276
9.7978945 21.749353
9.932112 21.28943
10.200547 20.849504
10.334765 20.429575
10.603201 20.034641
10.737418 19.659704
10.871636 19.294765
11.140072 18.944824
11.274289 18.60988
11.408507 18.274937
11.676942 17.95999
11.81116 17.949991
11.945377 17.929995
12.213813 17.929995
12.348031 17.914997
12.482248 17.904999
12.6164665 17.885002
12.884902 17.885002
13.019119 17.860006
13.1533375 17.855007
13.421773 17.84001
13.55599 17.83501
13.690208 17.825012
13.958644 17.805016
14.092861 17.800016
14.227079 17.790018
14.495515 17.785019
14.629732 17.765022
14.76395 17.755024
15.032386 17.745026
15.166603 17.72003
15.300821 17.705032
15.569257 17.705032
15.703474 17.690035
15.9719095 17.680037
16.106127 17.66504
16.240345 17.66504
