2.6843545 34.38814
2.8185723 33.30291
3.0870078 32.302696
3.2212255 31.337744
3.489661 30.437895
3.6238787 29.563042
3.7580965 28.768175
3.8923142 28.003304
4.0265317 27.25343
4.1607494 26.558546
4.429185 25.908655
4.5634027 25.263763
4.6976204 24.658865
4.831838 24.078962
4.966056 23.514057
5.1002736 22.999144
5.2344913 22.494228
5.368709 21.999311
5.502927 21.539389
5.6371446 21.094463
5.7713623 20.63454
5.90558 20.234608
6.039798 19.829676
6.1740155 19.439741
6.3082333 19.064804
6.442451 18.714863
6.442451 18.364922
6.5766687 18.01998
6.7108865 17.705032
6.845104 17.690035
6.979322 17.690035
