0.26843545 29.713017
5.1002736 27.088457
9.529459 24.873829
13.824426 22.984146
17.582521 21.34942
21.206402 19.939657
24.427626 18.694866
27.648851 17.580053
30.601643 16.58522
33.554432 15.695312
36.373005 14.890293
38.92314 14.845292
41.607494 14.785291
44.426067 14.75029
46.976204 14.695289
49.66056 14.6452875
52.210697 14.595286
54.760834 14.550285
57.445187 14.505284
59.995323 14.440283
62.67968 14.395282
65.36404 14.33528
67.77995 14.32528
70.19587 14.2952795
72.61179 14.255279
75.02771 14.235278
77.30941 14.210278
79.725334 14.180277
82.27547 14.160276
84.69138 14.125276
87.24152 14.095275
89.79166 14.075274
92.20758 14.045274
94.48928 14.015273
96.9052 13.985272
99.45534 13.960272
101.871254 13.940271
104.55561 13.910271
106.703094 13.88527
109.11901 13.845269
111.40071 13.820269
113.95085 13.805268
116.500984 13.765267
118.78269 13.745267
121.19861 13.715266
123.614525 13.685266
126.164665 13.660265
128.44637 13.6402645
130.86229 13.600264
133.2782 13.580263
135.82834 13.545262
138.11005 13.525262
140.39174 13.500261
142.94188 13.475261
145.22359 13.44026
147.90794 13.420259
150.32385 13.395259
152.874 13.355258
155.1557 13.330257
157.70583 13.330257
