0.26843545 17.280104
3.2212255 16.335262
6.039798 15.485307
8.85837 15.410305
11.542725 15.345304
14.227079 15.280302
16.911434 15.2103
19.46157 15.140299
22.145926 15.060297
24.696062 14.995296
27.246199 14.930294
29.930553 14.885293
32.614906 14.825292
35.299263 14.785291
37.8494 14.74529
40.533752 14.695289
43.21811 14.6452875
45.902462 14.605287
48.318382 14.550285
50.734303 14.530285
53.28444 14.495284
55.834576 14.4702835
58.384712 14.440283
61.069065 14.410282
63.6192 14.390282
66.035126 14.350281
68.45104 14.33028
71.1354 14.30528
73.68553 14.270279
76.23567 14.245278
78.65159 14.215278
81.20173 14.190277
83.75186 14.165277
86.43622 14.130276
88.852135 14.100275
91.26806 14.075274
93.81819 14.050274
96.50255 14.020273
98.78425 14.000273
101.33438 13.960272
103.88452 13.935271
106.30044 13.905271
108.85058 13.88527
111.40071 13.86027
113.95085 13.820269
116.36677 13.805268
118.91691 13.775268
121.332825 13.745267
123.74875 13.715266
126.29888 13.680265
128.7148 13.650265
131.13072 13.630264
133.68086 13.605264
135.96255 13.605264
