0.26843545 16.275272
0.4026532 15.905316
0.5368709 15.565309
0.67108864 15.230301
0.8053064 14.905293
0.9395241 14.6002865
1.0737418 14.30528
1.2079595 14.025273
1.3421773 13.750267
1.476395 13.490261
1.6106128 13.230255
1.7448305 12.99025
1.8790482 12.750244
2.0132658 12.525239
2.1474836 12.305234
2.2817013 12.280233
2.415919 12.265233
2.5501368 12.245233
2.6843545 12.245233
2.8185723 12.230232
2.8185723 12.230232
2.95279 12.220232
3.0870078 12.215232
3.2212255 12.205232
3.3554432 12.200232
3.489661 12.185231
3.6238787 12.185231
3.7580965 12.175231
3.8923142 12.170231
4.0265317 12.160231
4.0265317 12.160231
4.1607494 12.14523
4.294967 12.14023
4.429185 12.13023
4.5634027 12.11523
4.6976204 12.11523
4.831838 12.100229
4.966056 12.100229
5.1002736 12.090229
5.2344913 12.080229
5.2344913 12.075229
5.368709 12.065228
5.502927 12.050228
5.6371446 12.050228
5.7713623 12.045228
5.90558 12.035228
6.039798 12.025228
6.1740155 12.025228
6.1740155 12.010227
6.3082333 12.010227
6.442451 11.995227
6.5766687 11.990227
6.7108865 11.9802265
6.845104 11.9802265
6.979322 11.965226
7.1135397 11.960226
7.2477574 11.960226
7.2477574 11.940226
7.381975 11.925225
7.516193 11.925225
7.6504107 11.920225
7.7846284 11.905225
7.918846 11.905225
