0.5368709 24.123955
2.6843545 23.684029
4.831838 23.2541
6.7108865 22.824173
8.85837 22.414242
10.737418 22.384247
12.6164665 22.339254
14.76395 22.314259
16.777216 22.284264
18.790482 22.259268
20.66953 22.234272
22.548578 22.224274
24.427626 22.18428
26.57511 22.149286
28.588377 22.114292
30.601643 22.099295
32.48069 22.079298
34.359737 22.049303
36.238785 22.029306
37.983616 22.00431
39.996883 21.974316
42.144367 21.94932
44.15763 21.919325
46.1709 21.899328
48.049946 21.869333
50.063213 21.849337
51.94226 21.819342
53.82131 21.794346
55.700356 21.76435
57.445187 21.734356
59.324234 21.704361
61.069065 21.674366
62.948116 21.65437
64.82716 21.629374
66.57199 21.599379
68.316826 21.574383
70.19587 21.539389
71.940704 21.514393
73.81975 21.484398
75.56458 21.4744
77.30941 21.464401
79.18846 21.459402
81.067505 21.444405
82.946556 21.434406
84.82561 21.424408
86.70465 21.41441
88.5837 21.399412
90.59697 21.389414
92.47601 21.379416
94.48928 21.364418
96.36833 21.35442
98.38159 21.344421
100.529076 21.334423
102.27391 21.324425
104.01874 21.314426
105.89779 21.314426
