0.13421772 16.640211
0.26843545 16.250277
0.5368709 15.885316
0.67108864 15.535308
0.8053064 15.2003
0.9395241 14.885293
1.0737418 14.570286
1.2079595 14.265279
1.3421773 13.995273
1.476395 13.710266
1.6106128 13.44526
1.7448305 13.180254
1.8790482 12.945249
2.0132658 12.700243
2.1474836 12.475238
2.2817013 12.245233
2.415919 12.035228
2.5501368 12.015227
2.5501368 12.010227
2.6843545 11.990227
2.8185723 11.970226
2.95279 11.960226
3.0870078 11.950226
3.2212255 11.925225
3.3554432 11.915225
3.489661 11.900225
3.6238787 11.890224
3.7580965 11.875224
3.8923142 11.865224
4.0265317 11.865224
4.0265317 11.850224
4.1607494 11.850224
4.294967 11.845223
4.429185 11.830223
4.5634027 11.820223
4.6976204 11.820223
4.831838 11.800222
4.966056 11.790222
4.966056 11.790222
5.1002736 11.775222
5.2344913 11.775222
5.368709 11.765222
5.502927 11.765222
5.6371446 11.755221
5.7713623 11.750221
5.90558 11.735221
5.90558 11.735221
6.039798 11.725221
6.1740155 11.71522
6.3082333 11.70522
6.442451 11.70522
6.5766687 11.69022
6.7108865 11.69022
6.845104 11.67522
6.979322 11.665219
7.1135397 11.660219
7.2477574 11.650219
7.2477574 11.645219
7.381975 11.635219
7.516193 11.635219
7.6504107 11.615218
7.7846284 11.615218
7.918846 11.605218
8.053063 11.600218
8.187282 11.590218
8.321499 11.590218
8.321499 11.570217
8.455717 11.570217
8.589934 11.565217
8.724153 11.555217
8.85837 11.540216
8.992588 11.540216
9.126805 11.525216
9.126805 11.520216
9.2610235 11.510216
9.395241 11.495215
9.529459 11.495215
9.663676 11.490215
9.7978945 11.490215
