0.26843545 20.99948
3.8923142 19.994648
7.2477574 19.0848
10.603201 18.234943
13.690208 17.465073
16.642998 16.755192
19.327353 16.090303
22.011707 15.4753065
24.561844 14.905293
27.11198 14.365281
29.5279 13.87027
31.943819 13.840269
34.359737 13.800268
36.64144 13.775268
38.92314 13.765267
41.33906 13.740267
43.75498 13.730267
46.1709 13.705266
48.4526 13.680265
50.734303 13.670265
53.016003 13.645265
55.431923 13.635264
57.84784 13.605264
60.26376 13.5952635
62.67968 13.580263
64.96138 13.560263
67.24308 13.540262
69.52478 13.525262
71.80649 13.495261
74.222404 13.485261
76.63832 13.470261
79.054245 13.44526
81.47016 13.44026
83.88608 13.410259
86.16778 13.410259
