0.26843545 34.923256
3.7580965 33.467945
6.845104 32.097652
9.932112 30.857824
13.019119 29.718016
15.9719095 28.628199
18.790482 27.643364
21.609055 26.703522
25.769804 25.843666
29.259464 25.033802
33.957085 24.26893
37.044094 23.55405
41.473278 22.884163
44.426067 22.219275
49.257908 21.629374
51.539608 21.05947
56.63988 20.51956
60.26376 19.999647
63.082333 19.50973
67.24308 19.004814
69.390564 18.589884
73.81975 18.149958
77.71207 17.760023
80.396416 17.335094
84.42295 17.020147
87.37574 16.610216
89.92588 16.270273
93.54976 15.935317
95.965675 15.64031
99.99221 15.305303
101.468605 15.050297
103.88452 14.76029
107.91106 14.500284
110.46119 14.230278
114.62194 13.985272
118.51425 13.755267
121.06439 13.535262
123.07766 13.270256
126.96997 13.270256
131.39915 13.270256
135.29147 13.270256
139.58644 13.270256
143.47874 13.270256
147.90794 13.270256
151.93446 13.270256
156.36365 13.270256
160.25597 13.270256
164.68515 13.270256
168.57747 13.270256
