2.5501368 27.01347
5.7713623 26.213604
8.589934 25.46373
10.871636 24.74385
13.1533375 24.063965
15.300821 23.414074
17.448305 22.809175
19.595789 22.219275
21.609055 21.669367
23.488102 21.144455
25.501368 20.63954
27.380417 20.16462
29.259464 19.6847
30.870077 19.244774
32.749126 18.819845
34.493958 18.424911
36.10457 18.044975
37.8494 17.675037
39.46001 17.3051
41.20484 16.960157
42.681236 16.620214
44.15763 16.305267
45.63403 15.980318
47.24464 15.690311
48.721035 15.390305
49.928993 15.115298
51.27117 14.850292
52.881786 14.8202915
54.35818 14.795291
55.968792 14.7752905
57.445187 14.75529
59.0558 14.720289
60.532196 14.700289
62.00859 14.665288
63.484985 14.650288
64.69295 14.615287
66.035126 14.6002865
67.24308 14.570286
68.58526 14.525285
69.92744 14.500284
71.269615 14.485284
72.61179 14.460283
74.08819 14.4252825
75.43037 14.395282
76.90676 14.380281
78.24893 14.355281
79.725334 14.32528
81.20173 14.31028
82.40968 14.2952795
83.617645 14.270279
84.95982 14.270279
