1.2079595 40.23439
1.6106128 36.81366
1.8790482 33.90804
2.1474836 31.42273
2.5501368 29.268091
2.8185723 27.378408
3.0870078 25.718687
3.3554432 24.258932
3.489661 22.95915
3.7580965 21.779348
3.8923142 20.734524
4.1607494 19.759687
4.294967 18.884834
4.5634027 18.07997
4.6976204 17.335094
4.831838 16.640211
4.966056 16.010317
5.1002736 15.420305
5.2344913 14.865293
5.368709 14.365281
5.6371446 14.345281
5.7713623 14.31528
5.90558 14.30028
6.039798 14.280279
6.1740155 14.260279
6.3082333 14.245278
6.442451 14.225278
6.5766687 14.210278
6.7108865 14.190277
6.845104 14.170277
7.1135397 14.145276
7.1135397 14.130276
7.381975 14.115275
7.516193 14.100275
7.6504107 14.075274
7.7846284 14.045274
7.918846 14.045274
8.053063 14.015273
8.187282 13.995273
8.321499 13.985272
8.455717 13.960272
8.589934 13.9452715
8.724153 13.920271
8.992588 13.905271
9.126805 13.88027
9.126805 13.86527
9.395241 13.850269
9.529459 13.850269
