0.26843545 22.859167
0.5368709 22.149286
0.67108864 21.4744
0.9395241 20.834507
1.0737418 20.239607
1.2079595 19.6797
1.476395 19.134792
1.6106128 18.61488
1.7448305 18.13996
2.0132658 17.685036
2.1474836 17.250109
2.2817013 16.82018
2.415919 16.430246
2.6843545 16.045311
2.8185723 15.680311
2.95279 15.325303
3.2212255 15.000296
3.3554432 14.680288
3.489661 14.395282
3.6238787 14.110275
3.7580965 13.835269
3.8923142 13.565263
4.0265317 13.295257
4.1607494 13.055251
4.294967 12.8102455
4.429185 12.58524
4.5634027 12.370235
4.6976204 12.15023
4.831838 11.9352255
4.831838 11.930225
4.966056 11.925225
5.1002736 11.925225
5.2344913 11.915225
5.368709 11.910225
5.502927 11.905225
5.6371446 11.900225
5.7713623 11.895225
5.90558 11.890224
6.039798 11.885224
6.1740155 11.885224
6.3082333 11.860224
6.442451 11.855224
6.5766687 11.845223
6.7108865 11.840223
6.7108865 11.835223
6.845104 11.830223
6.979322 11.820223
7.1135397 11.815223
7.2477574 11.810223
7.381975 11.8052225
7.516193 11.795222
7.6504107 11.790222
7.7846284 11.785222
7.918846 11.780222
8.053063 11.775222
8.187282 11.765222
8.321499 11.7602215
8.455717 11.755221
8.455717 11.750221
8.589934 11.745221
8.724153 11.745221
