0.26843545 36.548603
6.442451 30.682854
11.81116 26.388575
16.240345 23.129122
19.998442 20.554554
23.353884 18.499899
26.57511 16.785187
29.393682 15.365304
31.943819 14.155276
34.493958 13.110252
36.64144 12.190231
38.788925 12.12023
40.936405 12.070229
43.08389 11.995227
45.097157 11.895225
47.24464 11.825223
49.392124 11.755221
51.40539 11.69022
53.55287 11.600218
55.431923 11.550217
57.445187 11.500216
59.458454 11.460215
61.605938 11.400213
63.484985 11.355212
65.49825 11.305211
67.3773 11.2802105
69.52478 11.26521
71.40383 11.24021
73.4171 11.220209
75.43037 11.220209
