1.8790482 36.33856
2.1474836 34.878246
2.2817013 33.477947
2.5501368 32.22768
2.6843545 31.022797
2.95279 29.92798
3.0870078 28.903152
3.2212255 27.958311
3.489661 27.053463
3.6238787 26.203606
3.7580965 25.393742
3.8923142 24.638868
4.0265317 23.938986
4.294967 23.2541
4.429185 22.624207
4.5634027 21.999311
4.6976204 21.424408
4.831838 20.889498
4.966056 20.384583
5.1002736 19.894665
5.2344913 19.439741
5.368709 18.989817
5.368709 18.584885
5.502927 18.179953
5.6371446 17.790018
5.7713623 17.42508
5.90558 17.06014
6.039798 16.720198
6.039798 16.385254
6.1740155 16.080305
6.3082333 15.795314
6.442451 15.495307
6.442451 15.230301
6.5766687 14.955295
6.7108865 14.710289
6.7108865 14.4702835
6.845104 14.225278
6.979322 14.225278
