0.26843545 22.159285
0.5368709 21.264435
0.67108864 20.444572
0.9395241 19.654705
1.0737418 18.949823
1.3421773 18.304932
1.476395 18.25994
1.6106128 18.229944
1.7448305 18.19995
2.0132658 18.164955
2.1474836 18.124962
2.2817013 18.084969
2.5501368 18.034977
2.6843545 18.009981
2.8185723 17.969988
3.0870078 17.939993
3.2212255 17.924995
3.3554432 17.914997
3.489661 17.895
3.7580965 17.885002
3.8923142 17.875004
4.1607494 17.865005
4.294967 17.850008
4.429185 17.84001
4.6976204 17.810015
4.831838 17.800016
5.1002736 17.78002
5.2344913 17.760023
5.368709 17.745026
5.502927 17.730028
5.7713623 17.72003
5.90558 17.705032
6.039798 17.685036
6.3082333 17.66504
6.442451 17.650042
6.5766687 17.630045
6.845104 17.610048
6.979322 17.59505
7.2477574 17.580053
7.381975 17.570055
7.516193 17.54006
7.7846284 17.53506
7.918846 17.500067
8.053063 17.460073
8.187282 17.450075
8.455717 17.435078
8.589934 17.415081
8.724153 17.395084
8.85837 17.375088
8.992588 17.36009
9.2610235 17.340094
9.395241 17.310099
9.663676 17.310099
