0.8053064 14.395282
3.2212255 13.555263
5.6371446 12.805245
7.918846 12.15023
9.932112 12.12023
12.213813 12.090229
14.227079 12.065228
16.240345 12.035228
18.522047 12.010227
20.66953 11.975226
22.682796 11.945226
24.83028 11.910225
26.977764 11.875224
28.99103 11.845223
31.138514 11.820223
33.285995 11.790222
35.43348 11.7602215
37.446747 11.725221
39.59423 11.70522
41.741714 11.69022
43.75498 11.670219
45.768246 11.660219
47.78151 11.635219
50.063213 11.620218
52.210697 11.605218
54.22396 11.595218
56.23723 11.580217
58.116276 11.560217
60.26376 11.545217
62.411243 11.530216
64.55872 11.505216
66.437775 11.495215
68.45104 11.475215
70.46431 11.460215
72.61179 11.460215
