2.0132658 26.228601
7.918846 24.823837
13.287555 23.529055
18.522047 22.36425
22.41436 21.28943
25.769804 20.309595
27.917288 19.399748
30.198988 18.569887
31.943819 17.805016
33.554432 17.110132
35.165043 16.450243
36.64144 15.840315
38.117836 15.270302
39.46001 14.73529
40.80219 14.680288
42.144367 14.6452875
43.352325 14.575286
44.694504 14.540285
46.036682 14.515285
47.378857 14.4702835
48.721035 14.4252825
50.063213 14.395282
51.539608 14.365281
53.016003 14.340281
54.22396 14.2952795
55.431923 14.265279
56.63988 14.220278
57.98206 14.190277
59.190018 14.155276
60.666412 14.125276
62.00859 14.090275
63.21655 14.045274
64.42451 14.000273
65.766685 13.970272
66.97465 13.940271
68.45104 13.910271
69.659004 13.86527
70.86696 13.855269
72.07492 13.845269
73.551315 13.830269
74.62505 13.8152685
75.96723 13.800268
77.17519 13.775268
78.65159 13.775268
