0.26843545 47.54095
4.294967 45.490513
8.053063 43.595108
11.676942 41.86974
15.300821 40.244392
18.790482 38.73407
22.145926 37.348774
25.232933 36.048496
28.454159 34.84824
31.406948 33.707996
34.359737 32.632767
37.17831 31.622696
39.996883 30.677855
42.681236 29.773006
45.097157 28.938147
47.513077 28.128283
49.928993 27.37341
52.344913 26.65353
54.626614 25.958647
56.908318 25.308756
59.0558 24.69386
61.3375 24.08896
63.35077 23.519056
65.36404 22.974148
67.3773 22.439238
69.25635 21.94432
71.1354 21.454403
73.01444 21.009478
74.89349 20.564552
76.77254 20.149622
78.51737 19.729692
80.396416 19.344757
82.14125 18.959822
83.88608 18.599882
85.4967 18.244942
86.97309 17.914997
88.5837 17.59505
90.19431 17.290102
91.804924 17.00015
93.28132 16.985153
94.89194 16.970156
96.23411 16.960157
97.7105 16.94016
99.45534 16.935162
100.93173 16.915165
102.40813 16.905167
103.88452 16.895168
105.49513 16.875172
106.83731 16.870173
108.44792 16.860174
110.05854 16.845177
111.534935 16.82018
113.145546 16.82018
