0.4026532 23.928988
3.8923142 22.704193
7.516193 21.58938
11.005854 20.564552
13.1533375 19.614712
14.898168 18.774853
16.508781 17.974987
18.25361 17.250109
19.864223 16.580221
21.206402 15.935317
22.682796 15.350304
23.890755 14.810291
25.367151 14.76529
26.709328 14.695289
28.051506 14.640287
29.393682 14.590286
30.601643 14.540285
31.8096 14.485284
33.017563 14.435283
34.22552 14.370281
35.43348 14.32028
36.64144 14.285279
37.8494 14.245278
39.057358 14.200277
40.1311 14.165277
41.33906 14.130276
42.54702 14.115275
43.75498 14.095275
44.96294 14.070274
46.1709 14.070274
