0.13421772 17.385086
2.95279 16.255276
5.6371446 15.270302
8.321499 14.390282
10.737418 13.5952635
13.019119 12.880247
15.166603 12.825246
17.448305 12.780245
19.595789 12.710243
21.743273 12.650242
23.890755 12.5902405
26.038239 12.56524
28.31994 12.530239
30.333206 12.490238
32.48069 12.4602375
34.628174 12.430237
36.775658 12.390236
38.788925 12.360235
40.936405 12.320234
42.949673 12.280233
45.097157 12.245233
46.976204 12.210232
49.123688 12.175231
51.136955 12.13523
53.28444 12.100229
55.297703 12.050228
57.445187 12.020227
59.458454 11.985227
61.605938 11.955226
63.75342 11.940226
65.766685 11.915225
67.91417 11.890224
69.92744 11.870224
71.940704 11.835223
74.08819 11.815223
76.10145 11.790222
78.114716 11.765222
80.12798 11.740221
82.14125 11.720221
84.288734 11.70022
86.302 11.67522
88.181046 11.655219
90.32853 11.620218
92.47601 11.605218
94.355064 11.580217
96.50255 11.555217
98.65003 11.535216
100.6633 11.515216
102.67656 11.490215
104.68983 11.460215
106.703094 11.445214
108.71636 11.425214
110.72962 11.400213
112.877106 11.375213
114.75616 11.345212
116.769424 11.325212
118.91691 11.300211
120.930176 11.300211
