0.9395241 30.842827
1.2079595 28.433231
1.476395 26.363579
1.7448305 24.56888
2.0132658 22.999144
2.2817013 21.614376
2.415919 20.389582
2.5501368 19.26977
2.8185723 18.289934
2.95279 17.390085
3.0870078 16.580221
3.3554432 15.8253145
3.489661 15.135299
3.6238787 14.505284
3.7580965 13.920271
3.8923142 13.380259
4.0265317 12.885247
4.1607494 12.410236
4.294967 11.960226
4.429185 11.950226
4.429185 11.945226
4.5634027 11.9352255
4.6976204 11.930225
4.831838 11.920225
4.966056 11.905225
5.1002736 11.895225
5.2344913 11.885224
5.368709 11.875224
5.502927 11.870224
5.6371446 11.860224
5.7713623 11.845223
5.90558 11.825223
6.039798 11.810223
6.039798 11.800222
6.1740155 11.795222
6.3082333 11.785222
6.442451 11.775222
6.5766687 11.755221
6.7108865 11.745221
6.845104 11.735221
6.979322 11.725221
7.1135397 11.70522
7.2477574 11.69022
7.2477574 11.68022
7.381975 11.665219
7.516193 11.650219
7.6504107 11.640219
7.7846284 11.640219
