0.13421772 13.965272
2.415919 13.205255
4.6976204 12.515239
6.979322 12.465238
8.992588 12.415236
11.005854 12.360235
13.019119 12.305234
15.166603 12.240232
17.314087 12.190231
19.46157 12.13523
21.609055 12.070229
23.62232 12.005227
25.635586 11.950226
27.78307 11.915225
29.930553 11.870224
31.943819 11.845223
33.957085 11.795222
35.970352 11.745221
37.983616 11.70522
39.996883 11.665219
42.010147 11.625218
44.023415 11.590218
46.036682 11.555217
48.049946 11.540216
49.794777 11.510216
51.808044 11.490215
53.68709 11.470215
55.834576 11.445214
57.84784 11.420214
59.861107 11.395213
61.740154 11.375213
63.75342 11.360212
65.63247 11.325212
67.64574 11.305211
69.52478 11.2802105
71.53805 11.25021
73.4171 11.235209
75.56458 11.210209
77.44363 11.210209
