0.4026532 38.679058
0.67108864 37.543816
0.8053064 36.463585
1.0737418 35.45337
1.2079595 34.47816
1.476395 33.552963
1.6106128 32.677776
1.8790482 31.857656
2.0132658 31.042793
2.2817013 30.297918
2.415919 29.583038
2.5501368 28.898153
2.6843545 28.218267
2.8185723 27.593372
3.0870078 26.988474
3.2212255 26.41357
3.3554432 25.848665
3.489661 25.323753
3.6238787 24.838835
3.8923142 24.353916
4.0265317 23.888994
4.1607494 23.449068
4.294967 23.01914
4.429185 22.59921
4.5634027 22.18428
4.6976204 21.804344
4.831838 21.429407
4.966056 21.41441
5.1002736 21.399412
5.2344913 21.369417
5.368709 21.364418
5.502927 21.364418
