1.3421773 47.035843
5.90558 44.9554
10.468983 43.105003
14.629732 41.344627
18.656263 39.694275
22.682796 38.243965
26.306675 36.81866
29.930553 35.513382
33.68865 34.318127
37.312527 33.187885
40.667973 32.107655
43.8892 31.127779
47.110424 30.212933
50.19743 29.308084
53.15022 28.49822
55.968792 27.743347
58.787365 27.00847
61.605938 26.288591
64.29029 25.608706
66.84043 24.968813
69.52478 24.373913
72.74601 23.764015
75.16193 23.229105
77.57785 22.684196
80.93329 22.18928
83.21499 21.719358
87.37574 21.274433
90.462746 20.829508
94.48928 20.40458
98.78425 19.999647
101.871254 19.639708
106.16622 19.254772
108.85058 18.90483
113.548195 18.55489
116.36677 18.219946
120.52752 17.895
123.74875 17.590052
126.70154 17.290102
131.39915 16.995152
134.62038 16.990152
138.78113 16.975155
142.94188 16.975155
147.37106 16.975155
151.3976 16.975155
155.82678 16.975155
160.12175 16.975155
164.81937 16.975155
168.8459 16.975155
173.4093 16.975155
177.43584 16.975155
181.86502 16.975155
186.42842 16.975155
