1.6106128 38.253967
2.0132658 33.407932
2.2817013 29.623032
2.5501368 26.623535
2.8185723 24.15395
2.95279 22.089296
3.2212255 20.40458
3.3554432 18.944824
3.489661 17.685036
3.7580965 17.66504
3.8923142 17.645042
4.0265317 17.615047
4.294967 17.590052
4.429185 17.555058
4.5634027 17.53506
4.6976204 17.510065
4.966056 17.470072
5.1002736 17.440077
5.2344913 17.405083
5.502927 17.375088
5.6371446 17.340094
5.7713623 17.3051
6.039798 17.255108
6.1740155 17.230112
6.3082333 17.190119
6.5766687 17.165123
6.7108865 17.12013
6.845104 17.12013
