1.2079595 17.645042
4.429185 16.95016
7.1135397 16.310266
9.932112 15.720312
12.482248 15.155299
15.166603 14.640287
17.71674 14.6002865
20.266876 14.550285
22.817015 14.515285
25.232933 14.465283
27.78307 14.420282
30.333206 14.380281
33.017563 14.32528
35.5677 14.285279
38.252052 14.245278
40.667973 14.200277
42.949673 14.160276
45.365593 14.110275
47.647293 14.060274
50.19743 14.020273
52.61335 13.985272
55.163486 13.950272
57.579407 13.920271
59.861107 13.89027
62.277027 13.850269
64.55872 13.820269
67.108864 13.785268
69.659004 13.750267
71.80649 13.720266
74.222404 13.690266
76.63832 13.645265
79.18846 13.625264
81.47016 13.605264
83.75186 13.590263
86.302 13.580263
88.71792 13.550262
90.99962 13.530262
93.415535 13.510262
95.83146 13.490261
98.11316 13.480261
100.39486 13.470261
102.945 13.44026
105.09248 13.42526
107.5084 13.410259
109.92432 13.380259
112.206024 13.370258
114.487724 13.370258
