3.3554432 31.407732
6.1740155 30.492886
8.85837 29.623032
11.676942 28.79317
14.361297 28.0283
16.777216 27.288424
19.327353 26.59354
21.609055 25.923653
23.890755 25.27876
26.038239 24.673862
28.31994 24.08896
30.601643 23.529055
32.614906 23.004143
34.628174 22.48923
36.64144 22.00431
38.788925 21.53439
40.533752 21.079466
42.412804 20.649538
44.29185 20.229609
46.036682 19.824677
47.78151 19.44974
49.52634 19.069803
51.136955 18.719862
53.016003 18.36992
54.760834 18.029978
56.505665 17.705032
58.116276 17.690035
59.72689 17.66504
61.3375 17.640043
63.082333 17.620047
64.69295 17.60505
66.16934 17.585052
67.77995 17.560057
69.52478 17.54006
71.1354 17.525063
72.74601 17.505066
74.35662 17.470072
76.10145 17.450075
77.84628 17.42508
79.456894 17.400084
81.20173 17.385086
82.67812 17.36509
84.288734 17.345093
86.03356 17.320097
87.37574 17.295101
88.98635 17.265106
90.731186 17.250109
92.20758 17.220114
93.81819 17.195118
95.56302 17.175121
97.03942 17.155125
98.65003 17.140127
100.39486 17.130129
101.871254 17.12013
103.481865 17.115131
104.95826 17.105133
106.56888 17.095135
108.17949 17.085136
109.65588 17.075138
111.266495 17.070139
112.877106 17.070139
