1.0737418 20.704529
1.2079595 20.189615
1.476395 19.719694
1.6106128 19.274769
1.8790482 18.84984
2.0132658 18.43491
2.2817013 18.054974
2.415919 17.685036
2.5501368 17.310099
2.6843545 16.975155
2.95279 16.625214
3.0870078 16.310266
3.2212255 16.000319
3.3554432 15.700312
3.489661 15.415305
3.6238787 15.150299
3.8923142 14.880293
4.0265317 14.605287
4.1607494 14.365281
4.294967 14.345281
4.429185 14.33528
4.5634027 14.33028
4.6976204 14.32028
4.831838 14.31528
5.1002736 14.30528
5.2344913 14.30028
5.368709 14.2952795
5.502927 14.290279
5.6371446 14.285279
5.7713623 14.280279
5.90558 14.275279
6.039798 14.255279
6.1740155 14.250278
6.3082333 14.245278
6.442451 14.240278
6.5766687 14.230278
6.7108865 14.220278
6.845104 14.210278
7.1135397 14.190277
7.2477574 14.185277
7.381975 14.175277
7.516193 14.170277
7.6504107 14.160276
7.7846284 14.160276
