0.13421772 15.395305
2.8185723 15.060297
5.2344913 14.75029
7.7846284 14.455283
10.334765 14.180277
12.750684 13.90027
15.166603 13.6402645
17.582521 13.385259
19.730005 13.130253
21.87749 12.895247
24.024973 12.670242
26.172457 12.445237
28.185722 12.425237
30.333206 12.415236
32.614906 12.385236
34.628174 12.370235
36.64144 12.360235
38.788925 12.340235
41.070625 12.320234
43.21811 12.305234
45.231373 12.290234
47.378857 12.265233
49.66056 12.245233
51.673824 12.230232
53.82131 12.210232
55.834576 12.190231
58.116276 12.175231
60.129543 12.15023
62.142807 12.13523
64.29029 12.11523
66.437775 12.105229
68.45104 12.080229
70.598526 12.070229
72.74601 12.060228
74.75928 12.045228
76.90676 12.035228
79.18846 12.020227
81.20173 12.010227
83.21499 12.000227
85.36247 11.985227
87.37574 11.970226
89.523224 11.960226
91.53649 11.9352255
93.54976 11.9352255
95.69724 11.915225
97.7105 11.910225
99.72377 11.900225
101.871254 11.885224
103.88452 11.870224
105.89779 11.850224
108.17949 11.845223
110.19276 11.830223
112.206024 11.825223
114.219284 11.810223
116.23255 11.795222
118.380035 11.785222
120.3933 11.775222
122.54079 11.755221
124.554054 11.735221
126.567314 11.720221
128.7148 11.70522
130.72807 11.69522
132.87555 11.68022
134.88881 11.670219
136.90208 11.655219
138.78113 11.645219
140.92862 11.625218
142.94188 11.620218
144.95514 11.605218
147.10263 11.595218
148.98167 11.580217
151.12917 11.565217
153.14243 11.555217
155.28992 11.525216
157.30318 11.520216
159.31644 11.505216
161.32971 11.490215
163.34297 11.485215
165.22203 11.480215
167.3695 11.475215
169.24855 11.470215
171.39604 11.465215
173.27509 11.460215
175.28835 11.450214
177.1674 11.445214
179.31488 11.440214
181.19394 11.440214
