0.26843545 33.723
0.5368709 29.882988
0.8053064 26.813503
0.9395241 24.298925
1.2079595 22.219275
1.3421773 20.439573
1.6106128 18.91483
1.7448305 17.60505
1.8790482 16.450243
2.0132658 15.435306
2.1474836 14.525285
2.2817013 13.720266
2.415919 12.9852495
2.5501368 12.945249
2.6843545 12.895247
2.8185723 12.845246
2.95279 12.800245
3.0870078 12.750244
3.2212255 12.735244
3.3554432 12.715243
3.489661 12.695243
3.489661 12.670242
3.6238787 12.650242
3.7580965 12.615241
3.8923142 12.5902405
4.0265317 12.57024
4.1607494 12.55024
4.294967 12.525239
4.429185 12.505239
4.5634027 12.480238
4.6976204 12.455237
4.831838 12.435237
4.966056 12.405236
5.1002736 12.375236
5.1002736 12.360235
5.2344913 12.335235
5.368709 12.315234
5.502927 12.295234
5.6371446 12.270233
5.7713623 12.245233
5.90558 12.210232
6.039798 12.195231
6.1740155 12.170231
6.3082333 12.1552305
6.3082333 12.12523
6.442451 12.100229
6.5766687 12.080229
6.7108865 12.060228
6.845104 12.040228
6.979322 12.010227
7.1135397 11.995227
7.2477574 11.970226
7.381975 11.945226
7.516193 11.925225
7.516193 11.905225
7.6504107 11.875224
7.7846284 11.850224
7.918846 11.835223
8.053063 11.8052225
8.187282 11.780222
8.321499 11.7602215
8.455717 11.735221
8.455717 11.69522
8.589934 11.69522
