0.9395241 30.142944
5.90558 27.003471
10.334765 24.428904
14.361297 22.30426
17.985176 20.509562
21.474836 18.96482
24.83028 17.630045
27.78307 16.47024
30.735859 15.4303055
33.15178 14.525285
35.701916 13.715266
37.983616 12.975249
40.1311 12.315234
42.412804 12.260233
44.426067 12.210232
46.57355 12.14523
48.721035 12.100229
50.86852 12.065228
53.016003 12.025228
55.163486 11.995227
57.176754 11.960226
59.0558 11.940226
61.203285 11.915225
63.35077 11.890224
65.36404 11.870224
67.64574 11.845223
69.79322 11.825223
71.80649 11.800222
73.68553 11.775222
75.96723 11.755221
78.114716 11.735221
80.12798 11.70522
82.14125 11.68522
84.55717 11.665219
86.570435 11.640219
88.71792 11.615218
90.731186 11.595218
92.61023 11.575217
94.75771 11.550217
96.9052 11.525216
98.918465 11.505216
100.93173 11.480215
102.945 11.460215
105.09248 11.435214
107.23997 11.420214
109.25323 11.385213
111.40071 11.370213
113.41398 11.340212
115.29303 11.320211
117.17207 11.300211
119.18534 11.27521
121.332825 11.24521
123.48031 11.225209
125.493576 11.205209
127.50684 11.190208
129.65433 11.170208
131.8018 11.145207
133.81508 11.120207
135.82834 11.095206
137.84161 11.080206
139.72066 11.055205
141.73392 11.030205
143.7472 11.030205
