0.13421772 18.18995
0.4026532 16.88017
0.5368709 15.730312
0.67108864 14.73529
0.8053064 13.840269
0.9395241 13.050251
1.0737418 12.365235
1.2079595 11.745221
1.3421773 11.730221
1.476395 11.720221
1.6106128 11.70522
1.7448305 11.69522
1.8790482 11.68522
1.8790482 11.67522
2.0132658 11.665219
2.1474836 11.650219
2.2817013 11.6302185
2.415919 11.615218
2.5501368 11.600218
2.6843545 11.585217
2.8185723 11.565217
2.95279 11.555217
3.0870078 11.545217
3.2212255 11.520216
3.3554432 11.510216
3.3554432 11.495215
3.489661 11.480215
3.6238787 11.465215
3.7580965 11.440214
3.8923142 11.425214
4.0265317 11.405213
4.1607494 11.390213
4.294967 11.360212
4.429185 11.360212
