0.13421772 13.43526
0.26843545 12.710243
0.4026532 12.055228
0.5368709 12.015227
0.67108864 11.9802265
0.8053064 11.925225
0.9395241 11.890224
1.0737418 11.845223
1.0737418 11.800222
1.2079595 11.7602215
1.3421773 11.71022
1.476395 11.670219
1.6106128 11.650219
1.7448305 11.625218
1.8790482 11.605218
2.0132658 11.580217
2.1474836 11.560217
2.2817013 11.540216
2.2817013 11.510216
2.415919 11.490215
2.5501368 11.470215
2.6843545 11.450214
2.8185723 11.415214
2.95279 11.400213
3.0870078 11.385213
3.2212255 11.355212
3.2212255 11.340212
3.3554432 11.310211
3.489661 11.27521
3.6238787 11.27021
3.7580965 11.24521
3.8923142 11.220209
4.0265317 11.220209
