2.5501368 17.315098
2.6843545 16.640211
2.6843545 16.025314
2.8185723 15.455306
2.95279 14.930294
3.0870078 14.910294
3.0870078 14.885293
3.2212255 14.875293
3.2212255 14.860292
3.3554432 14.830292
3.489661 14.810291
3.6238787 14.800291
3.7580965 14.77029
3.7580965 14.74029
3.8923142 14.725289
4.0265317 14.710289
4.0265317 14.690289
4.1607494 14.670288
4.294967 14.6452875
4.294967 14.635287
4.429185 14.605287
4.5634027 14.580286
4.6976204 14.570286
4.6976204 14.555285
4.831838 14.510284
4.966056 14.490284
4.966056 14.465283
5.1002736 14.445283
5.2344913 14.420282
5.2344913 14.390282
5.368709 14.390282
