0.13421772 14.895293
0.26843545 14.570286
0.4026532 14.270279
0.5368709 13.980272
0.67108864 13.710266
0.8053064 13.44026
0.9395241 13.185254
1.0737418 12.9402485
1.2079595 12.700243
1.3421773 12.475238
1.476395 12.260233
1.6106128 12.045228
1.6106128 11.840223
1.7448305 11.830223
1.8790482 11.830223
2.0132658 11.815223
2.1474836 11.810223
2.2817013 11.810223
2.415919 11.795222
2.5501368 11.790222
2.6843545 11.790222
2.8185723 11.775222
2.95279 11.765222
2.95279 11.7602215
3.0870078 11.745221
3.2212255 11.745221
3.3554432 11.735221
3.489661 11.730221
3.6238787 11.720221
3.7580965 11.71522
3.8923142 11.69522
3.8923142 11.69022
4.0265317 11.69022
4.1607494 11.68022
4.294967 11.665219
4.429185 11.665219
4.5634027 11.650219
4.6976204 11.645219
4.831838 11.645219
4.831838 11.635219
4.966056 11.620218
5.1002736 11.620218
5.2344913 11.610218
5.368709 11.600218
5.368709 11.600218
