0.13421772 18.004982
0.4026532 17.625046
0.5368709 17.280104
0.67108864 16.94516
0.9395241 16.615215
1.0737418 16.305267
1.2079595 16.000319
1.3421773 15.710312
1.476395 15.420305
1.6106128 15.160299
1.7448305 15.135299
2.0132658 15.130299
2.1474836 15.110298
2.2817013 15.100298
2.415919 15.075297
2.5501368 15.060297
2.6843545 15.035296
2.8185723 15.020296
2.95279 14.995296
3.0870078 14.985295
3.2212255 14.975295
3.3554432 14.9502945
3.6238787 14.940294
3.7580965 14.915294
3.8923142 14.905293
4.0265317 14.880293
4.1607494 14.870293
4.294967 14.855292
4.429185 14.830292
4.5634027 14.805291
4.831838 14.790291
4.966056 14.77029
5.1002736 14.75029
5.2344913 14.73529
5.368709 14.730289
5.502927 14.715289
5.6371446 14.690289
5.7713623 14.670288
5.90558 14.650288
6.1740155 14.630287
6.1740155 14.615287
6.442451 14.605287
6.5766687 14.585286
6.7108865 14.560286
6.845104 14.535285
6.979322 14.530285
7.1135397 14.495284
7.2477574 14.485284
7.381975 14.480284
7.6504107 14.4702835
7.6504107 14.435283
7.918846 14.435283
8.053063 14.430283
8.187282 14.410282
8.321499 14.410282
8.455717 14.395282
8.589934 14.380281
8.724153 14.380281
8.85837 14.365281
8.992588 14.365281
