2.2817013 27.588373
7.1135397 25.598707
11.676942 23.859
15.9719095 22.339254
19.730005 20.984482
23.488102 19.794682
26.977764 18.73486
30.198988 17.790018
33.285995 17.755024
36.373005 17.71503
39.46001 17.685036
42.681236 17.650042
45.768246 17.615047
48.721035 17.585052
51.673824 17.550058
54.760834 17.515064
57.84784 17.48507
60.800632 17.450075
63.75342 17.415081
66.84043 17.375088
70.06165 17.335094
73.01444 17.3051
75.96723 17.280104
79.054245 17.235111
82.007034 17.210115
84.95982 17.170122
88.04683 17.140127
91.26806 17.095135
94.22085 17.06514
97.30785 17.030146
100.26064 16.995152
103.21343 16.95016
106.56888 16.930162
109.52167 16.900167
112.47446 16.870173
115.69568 16.83018
118.64847 16.83018
