9.663676 25.368746
11.945377 24.873829
14.092861 24.38891
16.240345 23.923988
18.387829 23.484062
20.535313 23.059134
22.41436 22.639204
24.29341 22.219275
26.440893 22.18928
28.454159 22.144287
30.333206 22.094296
32.212254 22.059301
33.957085 22.014309
35.836132 21.969316
37.715183 21.924324
39.59423 21.88933
41.607494 21.839338
43.486546 21.794346
45.49981 21.754353
47.647293 21.71436
49.392124 21.65437
51.27117 21.619375
53.15022 21.564384
55.02927 21.52939
57.042534 21.489397
58.787365 21.449404
60.666412 21.399412
62.54546 21.364418
64.55872 21.319426
66.30356 21.269434
68.18261 21.22944
70.06165 21.194447
72.07492 21.149454
73.95397 21.139456
75.6988 21.139456
