0.13421772 21.809343
0.4026532 20.954487
0.5368709 20.169619
0.8053064 19.434742
0.9395241 18.744858
1.0737418 18.099966
1.2079595 18.069971
1.476395 18.034977
1.6106128 17.999983
1.8790482 17.95499
2.0132658 17.914997
2.1474836 17.880003
2.415919 17.850008
2.5501368 17.805016
2.8185723 17.765022
2.95279 17.740026
3.0870078 17.730028
3.3554432 17.71503
3.489661 17.700033
3.6238787 17.690035
3.8923142 17.675037
4.0265317 17.66004
4.1607494 17.630045
4.429185 17.625046
4.5634027 17.60505
4.6976204 17.575054
4.966056 17.565056
5.1002736 17.54006
5.2344913 17.530062
5.368709 17.505066
5.6371446 17.490068
5.7713623 17.465073
6.039798 17.455074
6.1740155 17.42508
6.3082333 17.410082
6.5766687 17.395084
6.7108865 17.375088
6.845104 17.355091
6.979322 17.345093
7.2477574 17.315098
7.381975 17.280104
7.516193 17.265106
7.7846284 17.255108
7.918846 17.235111
8.187282 17.220114
8.321499 17.220114
