0.26843545 31.527712
5.7713623 27.958311
10.603201 25.098791
15.166603 22.759184
19.058918 20.799513
22.682796 19.14479
26.038239 17.72003
28.99103 16.495235
31.8096 15.410305
34.493958 14.450283
36.775658 13.610264
39.46001 12.855247
42.010147 12.175231
44.29185 12.13523
46.439335 12.100229
48.58682 12.060228
50.86852 12.030228
53.016003 11.990227
55.163486 11.960226
57.31097 11.920225
59.72689 11.875224
61.740154 11.840223
64.02186 11.8052225
66.437775 11.765222
68.45104 11.720221
70.598526 11.68022
72.74601 11.640219
74.89349 11.605218
77.04098 11.565217
79.054245 11.530216
81.20173 11.500216
83.48343 11.470215
85.4967 11.445214
87.7784 11.445214
