0.13421772 21.684364
3.6238787 20.209612
6.979322 18.929827
10.06633 17.78002
13.019119 16.77019
15.837692 15.875316
18.387829 15.050297
20.937965 15.000296
23.488102 14.965295
25.904022 14.920294
28.454159 14.865293
31.004295 14.825292
33.68865 14.785291
36.10457 14.730289
38.654705 14.685288
41.070625 14.625287
43.486546 14.590286
45.902462 14.535285
48.318382 14.490284
50.86852 14.435283
53.28444 14.385282
55.56614 14.340281
58.116276 14.280279
60.397976 14.235278
62.813896 14.185277
65.22981 14.155276
67.77995 14.135276
70.06165 14.095275
72.61179 14.070274
74.89349 14.040274
77.17519 14.025273
79.456894 13.9902725
82.007034 13.965272
84.42295 13.930271
86.83887 13.905271
88.98635 13.88527
91.53649 13.840269
93.95241 13.825269
96.23411 13.790268
98.515816 13.7702675
100.797516 13.740267
103.34765 13.710266
105.76357 13.685266
108.17949 13.655265
110.46119 13.625264
112.74289 13.610264
115.02459 13.575263
117.44051 13.540262
119.85643 13.520262
122.40657 13.495261
124.82249 13.470261
127.10419 13.43026
129.52011 13.43026
