0.67108864 33.753006
3.8923142 32.68778
6.979322 31.707682
9.932112 30.76784
12.884902 29.862991
15.703474 29.028131
18.522047 28.243263
21.206402 27.48339
23.890755 26.76851
26.57511 26.093624
29.393682 25.453732
33.68865 24.853832
37.715183 24.283928
42.278584 23.729021
45.49981 23.19911
50.33165 22.694195
54.492397 22.209276
57.579407 21.749353
62.00859 21.304428
66.30356 20.869501
69.12213 20.449572
73.28288 20.074635
76.10145 19.6847
80.2622 19.314762
83.617645 18.96482
87.64417 18.639875
91.133835 18.30993
93.81819 18.004982
97.17364 17.710032
101.73704 17.42008
105.76357 17.42008
109.52167 17.410082
114.08507 17.390085
116.90364 17.385086
121.332825 17.385086
123.614525 17.385086
127.90949 17.385086
130.1912 17.385086
134.62038 17.385086
136.90208 17.385086
141.33127 17.385086
143.7472 17.385086
148.3106 17.385086
150.59229 17.385086
155.1557 17.385086
