1.2079595 35.55339
4.294967 34.393143
7.516193 33.322914
10.334765 32.3127
13.1533375 31.35774
15.703474 30.437895
18.387829 29.593037
20.937965 28.79317
23.353884 28.013302
25.769804 27.273426
28.051506 26.578543
30.198988 25.928652
32.346474 25.293758
34.493958 24.703857
36.64144 24.123955
38.788925 23.569048
40.80219 23.034138
42.815456 22.54422
44.82872 22.0643
46.976204 21.584381
48.85525 21.144455
50.734303 20.704529
52.61335 20.294598
54.35818 19.889666
56.103012 19.484734
57.84784 19.109797
59.72689 18.749857
61.203285 18.414913
62.813896 18.089968
64.55872 17.770021
66.16934 17.760023
67.64574 17.745026
69.25635 17.725029
70.86696 17.700033
72.47757 17.675037
73.95397 17.65504
75.56458 17.635044
77.17519 17.625046
78.65159 17.59505
80.12798 17.565056
81.738594 17.550058
83.34921 17.54006
84.95982 17.525063
86.43622 17.505066
88.04683 17.47507
89.65744 17.455074
91.133835 17.42008
92.61023 17.405083
94.086624 17.385086
95.69724 17.375088
97.30785 17.36009
98.918465 17.36009
