0.26843545 25.493725
0.4026532 24.893826
0.67108864 24.32892
0.9395241 23.79401
1.2079595 23.2641
1.476395 22.769182
1.6106128 22.284264
1.8790482 21.82434
2.0132658 21.399412
2.2817013 20.954487
2.415919 20.539557
2.6843545 20.15962
2.8185723 19.769686
3.0870078 19.404747
3.2212255 19.044807
3.489661 18.704865
3.6238787 18.37992
3.7580965 18.054974
4.0265317 18.034977
4.1607494 18.024979
4.294967 18.01498
4.5634027 18.009981
4.6976204 18.004982
4.831838 17.999983
5.1002736 17.994984
5.2344913 17.989985
5.368709 17.974987
5.502927 17.964989
5.7713623 17.95499
5.90558 17.939993
6.039798 17.934994
6.3082333 17.929995
6.442451 17.924995
6.7108865 17.919996
6.845104 17.914997
6.979322 17.904999
7.2477574 17.895
7.381975 17.885002
7.516193 17.880003
7.7846284 17.865005
7.918846 17.860006
8.053063 17.855007
8.321499 17.845009
8.455717 17.83501
8.589934 17.83501
8.85837 17.825012
8.992588 17.820013
9.126805 17.810015
9.395241 17.800016
9.529459 17.78002
9.663676 17.78002
9.7978945 17.77502
10.06633 17.765022
10.200547 17.755024
10.334765 17.745026
10.603201 17.735027
10.737418 17.725029
10.871636 17.705032
11.005854 17.700033
11.274289 17.690035
11.408507 17.685036
11.542725 17.680037
11.81116 17.670038
11.945377 17.66504
12.079596 17.65504
12.348031 17.635044
12.482248 17.625046
12.6164665 17.620047
12.750684 17.615047
13.019119 17.60505
13.1533375 17.59505
13.287555 17.590052
13.55599 17.580053
13.690208 17.575054
13.824426 17.570055
13.958644 17.555058
14.227079 17.54006
14.361297 17.520063
14.495515 17.515064
14.76395 17.500067
14.898168 17.48507
15.032386 17.48007
15.166603 17.465073
15.435039 17.460073
15.569257 17.450075
15.703474 17.445076
15.9719095 17.42508
16.106127 17.42508
