2.6843545 25.793674
4.966056 25.178778
7.381975 24.56888
9.395241 24.013973
11.408507 23.474064
13.55599 22.944153
15.435039 22.444237
17.314087 21.989313
19.327353 21.524391
21.206402 21.089464
23.08545 20.679533
24.83028 20.269602
26.57511 19.874668
28.185722 19.50973
29.796335 19.154789
31.541166 18.799849
33.15178 18.449907
34.76239 18.129961
36.373005 18.104965
37.8494 18.089968
39.59423 18.069971
41.20484 18.034977
42.815456 18.01498
44.426067 17.984985
45.902462 17.964989
47.647293 17.949991
49.257908 17.929995
50.734303 17.909998
52.47913 17.880003
54.089745 17.865005
55.56614 17.855007
57.31097 17.830011
58.787365 17.805016
60.397976 17.790018
62.00859 17.755024
63.6192 17.740026
65.0956 17.72003
66.70621 17.705032
68.316826 17.685036
69.92744 17.66004
71.40383 17.635044
73.14866 17.60505
74.75928 17.585052
76.23567 17.570055
77.71207 17.550058
79.456894 17.525063
81.067505 17.505066
82.5439 17.490068
84.020294 17.460073
85.63091 17.445076
87.24152 17.42508
88.852135 17.400084
90.32853 17.375088
91.804924 17.36509
93.415535 17.36009
95.02615 17.350092
96.50255 17.345093
98.11316 17.330095
99.589554 17.320097
101.06595 17.315098
102.67656 17.3051
104.28718 17.295101
105.89779 17.285103
107.37418 17.280104
108.85058 17.270105
110.32697 17.260107
111.937584 17.250109
113.548195 17.24511
115.15881 17.235111
116.63521 17.225113
118.1116 17.215115
119.588 17.210115
121.06439 17.200117
122.675 17.190119
124.285614 17.18012
125.89623 17.175121
127.37263 17.165123
128.98323 17.155125
130.45963 17.145126
131.93602 17.135128
133.2782 17.135128
