0.13421772 16.925163
3.6238787 16.600218
7.1135397 16.305267
10.871636 16.010317
14.092861 15.720312
16.240345 15.445306
18.119392 15.1703
19.595789 15.135299
20.937965 15.120298
22.280144 15.080297
23.488102 15.045297
24.83028 15.020296
26.038239 15.005296
27.246199 14.965295
28.588377 14.9502945
30.064772 14.925294
31.541166 14.905293
33.017563 14.880293
34.493958 14.845292
35.970352 14.815291
37.446747 14.780291
38.788925 14.76529
40.26532 14.73529
41.741714 14.710289
43.21811 14.690289
44.694504 14.670288
46.1709 14.635287
47.647293 14.615287
48.98947 14.605287
50.33165 14.585286
51.539608 14.575286
52.747566 14.565286
53.95553 14.555285
55.163486 14.520285
56.505665 14.510284
57.713623 14.490284
59.0558 14.465283
60.397976 14.450283
61.874374 14.440283
63.21655 14.440283
64.69295 14.415282
66.035126 14.400282
67.3773 14.395282
68.58526 14.385282
69.79322 14.380281
71.1354 14.370281
72.34335 14.360281
73.68553 14.355281
75.02771 14.350281
76.504105 14.345281
77.9805 14.33528
79.18846 14.33028
80.396416 14.32528
81.60438 14.31528
82.946556 14.31028
84.288734 14.30528
85.63091 14.30528
