0.8053064 16.495235
0.9395241 15.61531
1.0737418 14.8202915
1.3421773 14.7752905
1.476395 14.715289
1.6106128 14.690289
1.7448305 14.665288
1.8790482 14.630287
2.0132658 14.610287
2.1474836 14.595286
2.2817013 14.550285
2.415919 14.525285
2.6843545 14.500284
2.8185723 14.4702835
2.8185723 14.455283
3.0870078 14.420282
3.2212255 14.395282
3.2212255 14.370281
3.489661 14.340281
3.6238787 14.32028
3.7580965 14.285279
3.8923142 14.260279
4.0265317 14.235278
4.1607494 14.215278
4.294967 14.180277
4.429185 14.155276
4.5634027 14.1202755
4.6976204 14.095275
4.831838 14.070274
4.966056 14.050274
5.1002736 14.010273
5.2344913 13.9902725
5.368709 13.955272
5.502927 13.935271
5.6371446 13.910271
5.7713623 13.88027
5.90558 13.855269
6.039798 13.830269
6.1740155 13.805268
6.3082333 13.780268
6.442451 13.750267
6.7108865 13.715266
6.845104 13.695266
6.979322 13.665265
7.1135397 13.6402645
7.2477574 13.610264
7.381975 13.575263
7.516193 13.555263
7.6504107 13.540262
7.7846284 13.505261
7.918846 13.470261
8.053063 13.44526
8.187282 13.420259
8.321499 13.395259
8.455717 13.370258
8.589934 13.340258
8.724153 13.315257
8.85837 13.295257
8.992588 13.265256
9.126805 13.240255
9.2610235 13.200254
9.395241 13.180254
9.529459 13.180254
