0.4026532 29.703018
0.67108864 25.798674
0.8053064 22.764183
1.0737418 20.359587
1.2079595 18.384918
1.3421773 16.760191
1.6106128 15.385304
1.7448305 14.205277
1.8790482 13.220255
2.0132658 12.345235
2.0132658 12.315234
2.1474836 12.300234
2.2817013 12.265233
2.415919 12.245233
2.5501368 12.195231
2.6843545 12.165231
2.8185723 12.13523
2.95279 12.12023
3.0870078 12.095229
3.2212255 12.060228
3.3554432 12.030228
3.489661 12.000227
3.489661 11.970226
3.6238787 11.9352255
3.7580965 11.910225
3.8923142 11.885224
4.0265317 11.850224
4.1607494 11.820223
4.294967 11.795222
4.429185 11.7602215
4.429185 11.735221
4.5634027 11.71522
4.6976204 11.670219
4.831838 11.645219
4.966056 11.615218
5.1002736 11.585217
5.2344913 11.565217
5.368709 11.525216
5.368709 11.500216
5.502927 11.470215
5.6371446 11.435214
5.7713623 11.405213
5.90558 11.380213
6.039798 11.360212
6.1740155 11.320211
6.3082333 11.290211
6.442451 11.25521
6.442451 11.24021
6.5766687 11.195209
6.7108865 11.170208
6.845104 11.170208
