0.5368709 15.140299
2.0132658 14.860292
3.6238787 14.585286
5.368709 14.2952795
6.845104 14.040274
8.321499 13.8152685
9.7978945 13.555263
11.408507 13.315257
13.019119 13.310257
14.361297 13.300257
15.837692 13.295257
17.179869 13.2902565
18.656263 13.285256
20.401094 13.270256
21.743273 13.270256
23.219667 13.265256
26.57511 13.265256
29.796335 13.265256
33.017563 13.265256
36.10457 13.265256
39.191578 13.265256
42.278584 13.265256
45.231373 13.265256
48.318382 13.265256
51.27117 13.265256
54.22396 13.265256
57.31097 13.265256
