0.26843545 51.956894
8.589934 47.655975
16.240345 43.990192
23.219667 40.864525
29.662117 38.138943
35.701916 35.73843
41.607494 33.62298
47.110424 31.737677
52.210697 30.042961
57.042534 28.508219
61.471718 27.12845
65.766685 25.863663
70.06165 24.703857
73.95397 23.649035
77.84628 22.699194
81.60438 21.804344
85.22826 20.99448
88.71792 20.22461
91.93914 19.50973
95.294586 18.85484
98.38159 18.829844
101.468605 18.804848
104.68983 18.784851
107.77683 18.769854
110.863846 18.739859
113.816635 18.709864
116.90364 18.689867
119.99065 18.66987
122.943436 18.649874
125.89623 18.619879
129.25168 18.594883
132.33868 18.574886
135.42569 18.55489
138.37848 18.534893
141.46548 18.499899
144.6867 18.479902
147.77371 18.454906
150.7265 18.43491
153.81352 18.409914
156.76631 18.384918
159.98753 18.36992
163.07454 18.334927
166.02733 18.30993
169.11433 18.294933
172.20134 18.269938
175.15413 18.25494
178.10692 18.219946
181.32816 18.19995
184.41516 18.174953
187.63638 18.149958
190.58917 18.13496
193.67618 18.104965
196.62897 18.084969
199.71597 18.059973
202.66876 18.034977
205.48734 18.01498
208.30591 17.989985
211.2587 17.969988
214.47993 17.944992
217.70116 17.919996
220.78816 17.9
224.00938 17.875004
227.09639 17.855007
230.18341 17.83501
233.27042 17.800016
236.49164 17.77502
239.71286 17.750025
242.79987 17.735027
245.88687 17.710032
248.97389 17.695034
252.0609 17.66504
255.28212 17.650042
258.36914 17.620047
261.45615 17.59505
264.54315 17.575054
267.36172 17.550058
270.1803 17.525063
273.1331 17.500067
275.95166 17.48507
278.90445 17.460073
281.99146 17.435078
285.07846 17.410082
288.03125 17.385086
291.11826 17.370089
294.20526 17.340094
297.29227 17.320097
300.11084 17.3001
303.06363 17.270105
306.01642 17.250109
308.9692 17.225113
311.922 17.205116
314.8748 17.18512
317.82758 17.155125
320.64615 17.135128
323.59894 17.110132
326.68594 17.090136
329.63873 17.06014
332.72574 17.035145
335.5443 17.010149
338.36288 17.010149
