1.7448305 38.654053
5.7713623 36.008488
9.2610235 33.68299
12.6164665 31.627695
15.300821 29.788004
17.985176 28.158278
20.803747 26.683525
23.08545 25.353748
25.367151 24.138952
27.514635 23.02414
29.662117 21.994312
31.675385 21.074467
33.68865 20.209612
35.701916 19.409746
37.446747 18.67487
39.191578 17.984985
40.80219 17.335094
42.412804 17.290102
44.023415 17.260107
45.49981 17.235111
46.976204 17.220114
48.721035 17.200117
50.33165 17.175121
51.94226 17.145126
53.68709 17.12013
55.163486 17.085136
56.774097 17.070139
58.250492 17.035145
59.72689 17.010149
61.471718 16.980154
62.948116 16.980154
