0.9395241 19.294765
4.1607494 18.85484
7.2477574 18.42991
10.334765 18.034977
13.421773 17.640043
16.642998 17.275105
19.864223 16.920164
22.817015 16.58522
26.172457 16.255276
29.125246 15.945317
32.212254 15.63031
34.89661 15.345304
37.8494 15.065297
40.667973 14.785291
43.486546 14.525285
46.305115 14.265279
48.85525 14.255279
51.27117 14.230278
53.95553 14.220278
56.63988 14.220278
59.190018 14.215278
61.740154 14.200277
64.29029 14.190277
66.84043 14.190277
69.52478 14.180277
71.940704 14.150276
74.62505 14.140276
77.30941 14.135276
79.99377 14.115275
82.40968 14.100275
84.95982 14.085275
87.50996 14.065274
90.19431 14.050274
92.61023 14.040274
95.16037 14.020273
97.7105 14.015273
100.26064 14.005273
102.67656 13.995273
105.2267 13.980272
107.91106 13.970272
110.32697 13.940271
112.74289 13.935271
115.427246 13.935271
117.70895 13.930271
120.12487 13.920271
122.80922 13.915271
125.22514 13.905271
127.64106 13.90027
130.1912 13.89527
132.74133 13.88527
135.29147 13.88027
137.84161 13.87527
140.39174 13.86527
142.80766 13.86027
145.22359 13.850269
147.77371 13.850269
