0.5368709 23.96898
2.6843545 22.909159
4.831838 21.919325
6.845104 21.004478
8.85837 20.174618
10.468983 19.399748
12.348031 18.66987
14.092861 18.009981
15.703474 17.390085
17.314087 17.320097
18.790482 17.24011
20.266876 17.170122
21.87749 17.12513
23.219667 17.090136
24.696062 17.070139
26.440893 17.015148
27.917288 16.965157
29.393682 16.930162
30.870077 16.88017
32.346474 16.845177
33.957085 16.810183
35.43348 16.77019
37.044094 16.755192
38.52049 16.730196
40.1311 16.7102
41.607494 16.680204
43.21811 16.660208
44.694504 16.625214
46.305115 16.610216
47.78151 16.59022
49.392124 16.59022
