0.9395241 29.663025
5.90558 27.49339
10.468983 25.603706
14.629732 23.943985
18.656263 22.474232
22.280144 21.17445
25.904022 19.999647
29.393682 18.97482
32.48069 18.919828
35.701916 18.869837
38.92314 18.834843
42.010147 18.78985
45.097157 18.72986
48.318382 18.684868
51.539608 18.634876
54.492397 18.594883
57.445187 18.529894
60.666412 18.479902
63.887638 18.419912
66.97465 18.364922
70.06165 18.30993
73.01444 18.25994
75.96723 18.209948
79.18846 18.154957
82.40968 18.094967
85.4967 18.044975
88.5837 17.979986
91.67071 17.924995
94.75771 17.860006
97.84473 17.810015
100.6633 17.755024
103.750305 17.690035
106.83731 17.635044
109.92432 17.575054
112.877106 17.54006
115.96412 17.505066
118.91691 17.470072
122.003914 17.445076
125.09092 17.405083
128.17793 17.36509
130.9965 17.325096
133.9493 17.3001
136.76787 17.260107
139.72066 17.230112
142.67345 17.195118
145.76045 17.165123
148.84746 17.12013
151.80025 17.080137
154.75304 17.045143
157.70583 17.015148
160.65862 16.975155
163.74562 16.975155
