0.13421772 27.508387
2.95279 26.758512
5.7713623 26.048632
8.455717 25.378744
11.140072 24.723854
13.55599 24.128954
15.9719095 23.544052
18.522047 22.984146
20.937965 22.454235
23.08545 21.94932
25.232933 21.464401
27.380417 20.989481
30.467424 20.539557
34.76239 20.134624
37.8494 19.734692
41.87593 19.349756
44.82872 18.96982
49.392124 18.629877
52.881786 18.269938
55.56614 17.929995
58.92158 17.610048
63.484985 17.3051
66.84043 17.015148
71.672264 16.715199
75.16193 16.440245
79.85955 16.440245
83.08077 16.440245
88.04683 16.440245
91.26806 16.440245
96.09989 16.440245
99.45534 16.440245
104.28718 16.440245
107.64262 16.440245
112.74289 16.440245
115.96412 16.440245
120.930176 16.440245
