0.26843545 35.493378
5.90558 34.173096
11.140072 32.93783
16.777216 31.797667
22.011707 30.727846
26.977764 29.733013
31.8096 28.79817
36.373005 27.90832
40.936405 27.07346
45.365593 26.288591
49.66056 25.553715
53.95553 24.838835
58.116276 24.173946
62.142807 23.534054
65.9009 22.949152
69.52478 22.374249
73.28288 21.82434
77.04098 21.309427
80.79907 20.809511
84.15452 20.329592
87.50996 19.869669
90.731186 19.434742
94.086624 19.019812
97.17364 18.604881
100.12643 18.219946
102.945 17.850008
105.89779 17.495068
108.71636 17.150126
111.534935 16.82018
114.487724 16.500235
117.03786 16.190287
119.85643 15.895316
122.54079 15.61031
125.09092 15.325303
127.64106 15.055297
130.32541 15.030296
132.87555 15.020296
135.42569 14.995296
137.84161 14.970295
140.25752 14.955295
142.67345 14.935294
145.08937 14.925294
147.77371 14.900293
150.32385 14.885293
153.00821 14.875293
155.55835 14.850292
158.10849 14.835292
160.65862 14.810291
163.07454 14.800291
165.7589 14.790291
168.17482 14.780291
170.72495 14.7752905
173.14087 14.76529
175.5568 14.75529
177.9727 14.75029
180.38863 14.73529
182.80455 14.730289
185.22046 14.720289
187.63638 14.715289
190.0523 14.700289
192.334 14.690289
194.74992 14.680288
197.03163 14.675288
199.44754 14.660288
201.86346 14.650288
204.14516 14.6452875
206.56108 14.635287
208.84279 14.625287
211.12448 14.625287
213.5404 14.605287
215.82211 14.595286
218.23802 14.585286
220.51973 14.585286
222.80142 14.575286
225.21735 14.560286
227.49905 14.550285
229.78075 14.540285
232.19667 14.535285
234.6126 14.520285
237.0285 14.515285
239.44443 14.505284
241.86035 14.495284
244.27626 14.495284
246.69218 14.480284
249.10811 14.4702835
251.52402 14.460283
253.93994 14.450283
256.35587 14.440283
258.906 14.435283
261.32193 14.420282
263.87204 14.405282
266.42218 14.405282
269.10654 14.390282
271.65668 14.385282
274.34103 14.380281
276.89117 14.365281
279.17288 14.360281
281.4546 14.350281
283.87048 14.33528
286.2864 14.33028
288.70233 14.32528
291.11826 14.31028
293.53418 14.31028
295.9501 14.285279
298.5002 14.280279
301.05035 14.270279
303.7347 14.255279
306.28485 14.255279
308.56656 14.235278
310.98248 14.230278
313.2642 14.230278
315.68008 14.215278
318.23022 14.215278
320.64615 14.195277
323.1963 14.185277
325.74643 14.180277
328.29657 14.170277
330.57828 14.160276
332.85995 14.145276
335.27588 14.140276
337.6918 14.130276
340.24194 14.125276
342.65787 14.115275
345.208 14.100275
347.75815 14.095275
350.03983 14.080275
352.45575 14.075274
354.87167 14.070274
357.2876 14.055274
359.83774 14.050274
362.38788 14.040274
364.80377 14.030273
367.2197 14.025273
369.5014 14.010273
371.91733 13.995273
374.46747 13.985272
377.0176 13.970272
379.4335 13.970272
