0.26843545 39.464226
3.489661 38.30898
6.7108865 37.213745
9.7978945 36.15852
12.884902 35.16831
16.106127 34.23311
18.9247 33.337917
21.743273 32.487736
24.427626 31.672688
27.11198 30.902817
29.796335 30.16794
32.48069 29.463058
35.030827 28.788172
37.715183 28.14828
39.996883 27.533382
42.412804 26.943481
44.560287 26.363579
46.841988 25.833668
49.257908 25.298758
51.27117 24.793842
53.418655 24.303925
55.56614 23.829004
57.579407 23.37408
59.72689 22.934155
61.605938 22.48923
63.6192 22.079298
65.49825 21.699362
67.3773 21.679365
69.25635 21.659369
71.269615 21.634373
73.28288 21.624374
75.02771 21.579382
76.90676 21.559385
78.785805 21.53439
80.79907 21.509394
82.67812 21.489397
84.55717 21.4744
86.302 21.464401
88.31526 21.444405
90.19431 21.429407
92.073364 21.419409
93.95241 21.40941
95.83146 21.389414
97.7105 21.374416
99.589554 21.35442
101.468605 21.339422
103.34765 21.314426
105.360916 21.304428
107.10574 21.28943
108.85058 21.274433
110.863846 21.264435
112.877106 21.244438
114.62194 21.22944
116.500984 21.209444
118.51425 21.194447
120.25909 21.194447
