0.13421772 23.19411
0.4026532 21.439405
0.5368709 19.91966
0.8053064 18.569887
0.9395241 18.4899
1.0737418 18.404915
1.3421773 18.359922
1.476395 18.299932
1.6106128 18.25994
1.8790482 18.229944
2.0132658 18.184952
2.1474836 18.13996
2.415919 18.094967
2.5501368 18.049974
2.6843545 18.004982
2.8185723 17.964989
2.95279 17.909998
3.2212255 17.875004
3.3554432 17.830011
3.489661 17.790018
3.7580965 17.745026
3.8923142 17.695034
4.0265317 17.66004
4.1607494 17.615047
4.429185 17.570055
4.5634027 17.515064
4.6976204 17.48507
4.966056 17.445076
5.1002736 17.385086
5.2344913 17.355091
5.368709 17.3051
5.6371446 17.250109
5.7713623 17.205116
5.90558 17.18012
6.1740155 17.130129
6.3082333 17.085136
6.5766687 17.050142
6.7108865 17.00015
6.845104 16.95016
6.979322 16.915165
7.2477574 16.865173
7.381975 16.835178
7.516193 16.780188
7.6504107 16.735195
7.7846284 16.695202
8.053063 16.65021
8.187282 16.600218
8.321499 16.560225
8.455717 16.515232
8.724153 16.515232
