0.13421772 19.964653
0.26843545 18.939825
0.5368709 18.01498
0.67108864 17.175121
0.8053064 16.395252
0.9395241 15.695312
1.0737418 15.040297
1.2079595 14.440283
1.3421773 13.87527
1.476395 13.355258
1.6106128 12.875247
1.7448305 12.420237
1.8790482 12.395236
2.0132658 12.375236
2.0132658 12.360235
2.1474836 12.340235
2.2817013 12.330235
2.415919 12.325234
2.5501368 12.290234
2.6843545 12.275233
2.8185723 12.270233
2.95279 12.250233
3.0870078 12.235232
3.2212255 12.225232
3.3554432 12.205232
3.3554432 12.195231
3.489661 12.180231
3.6238787 12.1552305
3.7580965 12.14523
3.8923142 12.12523
4.0265317 12.1102295
4.1607494 12.100229
4.294967 12.085229
4.429185 12.070229
4.429185 12.060228
4.5634027 12.045228
4.6976204 12.015227
4.831838 12.000227
4.966056 11.9802265
5.1002736 11.9802265
5.2344913 11.960226
5.368709 11.945226
5.502927 11.9352255
5.6371446 11.915225
5.6371446 11.890224
5.7713623 11.885224
5.90558 11.860224
6.039798 11.850224
6.1740155 11.845223
6.3082333 11.820223
6.442451 11.815223
6.5766687 11.8052225
6.7108865 11.765222
6.845104 11.7602215
6.845104 11.750221
6.979322 11.730221
7.1135397 11.720221
7.2477574 11.70022
7.381975 11.68522
7.516193 11.665219
7.6504107 11.650219
7.7846284 11.625218
7.7846284 11.620218
7.918846 11.605218
8.053063 11.590218
8.187282 11.590218
