0.26843545 38.469013
4.0265317 36.76865
7.381975 35.21832
10.871636 33.783012
14.227079 32.45773
17.448305 31.247759
20.535313 30.102951
23.62232 29.03313
26.57511 28.073292
29.259464 27.138449
31.943819 26.278593
34.359737 25.478727
36.775658 24.713856
39.191578 23.998976
41.607494 23.309092
43.8892 22.689196
47.110424 22.0693
51.539608 21.484398
54.492397 20.954487
58.65315 20.419577
60.800632 19.944656
63.6192 19.454739
68.316826 19.019812
71.672264 18.569887
76.63832 18.174953
80.53064 17.805016
83.08077 17.405083
85.76513 17.045143
89.79166 16.725197
92.47601 16.385254
96.50255 16.060308
100.529076 15.785314
102.945 15.460306
107.23997 15.1853
109.92432 14.900293
113.68242 14.6452875
117.84316 14.400282
120.930176 14.135276
123.74875 13.90027
126.96997 13.90027
130.1912 13.90027
133.41241 13.90027
136.49944 13.90027
139.58644 13.90027
142.67345 13.90027
145.62624 13.90027
148.57903 13.90027
151.80025 13.90027
155.1557 13.90027
158.37692 13.90027
