0.26843545 32.262688
5.502927 29.57304
10.603201 27.298422
15.166603 25.33875
19.327353 23.624039
23.219667 22.159285
26.977764 20.849504
30.735859 19.6847
33.957085 18.639875
37.17831 17.710032
40.26532 16.850176
43.352325 16.075306
46.036682 15.365304
48.721035 14.710289
51.40539 14.115275
53.82131 13.550262
56.371445 13.050251
58.51893 12.56524
60.800632 12.12023
62.813896 11.71022
64.96138 11.69022
66.97465 11.67522
68.987915 11.665219
70.86696 11.650219
73.14866 11.6302185
75.16193 11.615218
77.30941 11.595218
79.18846 11.585217
81.067505 11.570217
83.21499 11.550217
85.36247 11.540216
87.50996 11.525216
89.38901 11.500216
91.402275 11.490215
93.415535 11.480215
95.56302 11.460215
97.57629 11.445214
99.72377 11.430214
101.73704 11.405213
103.61609 11.395213
105.62935 11.380213
107.77683 11.380213
