0.8053064 29.922981
3.8923142 29.073124
6.442451 28.26826
9.395241 27.54838
11.81116 26.8285
14.227079 26.158613
16.642998 25.528719
19.058918 24.918821
21.206402 24.33392
23.62232 23.769014
25.769804 23.249102
27.78307 22.739187
29.662117 22.234272
31.541166 21.77435
33.554432 21.319426
35.5677 20.889498
37.446747 20.474567
39.325794 20.074635
41.20484 19.6797
43.21811 19.309763
45.231373 18.954823
47.24464 18.599882
48.98947 18.279936
50.600082 17.974987
52.344913 17.66504
54.089745 17.650042
55.700356 17.625046
57.445187 17.60505
59.190018 17.585052
60.800632 17.570055
62.54546 17.53506
64.156075 17.530062
65.9009 17.510065
67.64574 17.510065
69.390564 17.470072
71.1354 17.455074
72.74601 17.440077
74.49084 17.415081
75.96723 17.395084
77.71207 17.380087
79.18846 17.36009
80.93329 17.345093
82.67812 17.315098
84.288734 17.3001
86.16778 17.295101
87.7784 17.285103
89.523224 17.270105
91.133835 17.270105
93.012886 17.235111
94.6235 17.215115
96.36833 17.200117
97.97894 17.195118
99.72377 17.18512
101.468605 17.18012
103.21343 17.165123
104.82404 17.165123
