0.4026532 35.998486
0.67108864 31.29775
0.9395241 27.658361
1.2079595 24.753849
1.476395 22.394245
1.6106128 20.429575
1.8790482 18.769854
2.0132658 17.355091
2.1474836 16.1153
2.2817013 15.075297
2.5501368 14.155276
2.6843545 13.345258
2.8185723 12.605241
2.95279 11.945226
2.95279 11.350212
3.0870078 11.330212
3.2212255 11.305211
3.3554432 11.27521
3.489661 11.26021
3.6238787 11.24021
3.6238787 11.225209
3.7580965 11.190208
3.8923142 11.165208
4.0265317 11.1502075
4.1607494 11.120207
4.1607494 11.095206
4.294967 11.080206
4.429185 11.080206
