2.5501368 28.653194
7.381975 25.953648
11.542725 23.689028
15.569257 21.779348
19.327353 20.144623
22.817015 18.719862
26.038239 18.60988
29.125246 18.504898
32.212254 18.389917
35.165043 18.284935
38.117836 18.174953
41.070625 18.049974
44.29185 17.944992
47.378857 17.870005
50.465866 17.795017
53.68709 17.72003
56.774097 17.635044
59.861107 17.555058
62.67968 17.470072
65.766685 17.395084
68.719475 17.310099
71.940704 17.225113
74.75928 17.195118
77.84628 17.160124
80.93329 17.110132
83.75186 17.110132
