0.9395241 22.42424
1.0737418 21.499395
1.3421773 20.659536
1.6106128 19.884666
1.7448305 19.159788
2.0132658 18.499899
2.1474836 17.860006
2.2817013 17.845009
2.5501368 17.83501
2.6843545 17.825012
2.95279 17.810015
3.0870078 17.790018
3.2212255 17.77502
3.489661 17.760023
3.6238787 17.750025
3.7580965 17.730028
4.0265317 17.710032
4.1607494 17.695034
4.294967 17.670038
4.429185 17.650042
4.6976204 17.640043
4.831838 17.620047
4.966056 17.60005
5.2344913 17.580053
5.368709 17.565056
5.6371446 17.550058
5.7713623 17.530062
5.90558 17.505066
6.1740155 17.48007
6.3082333 17.465073
6.442451 17.440077
6.5766687 17.42008
6.845104 17.400084
6.979322 17.400084
