1.7448305 35.633408
5.7713623 33.377926
9.2610235 31.387735
12.750684 29.62803
15.300821 28.038298
17.71674 26.623535
19.998442 25.308756
22.145926 24.15395
24.29341 23.074131
26.440893 22.104294
28.454159 21.159452
30.198988 20.329592
32.078037 19.544724
33.82287 18.799849
35.5677 18.13996
37.17831 17.520063
38.788925 17.470072
40.399536 17.430079
41.87593 17.380087
43.352325 17.340094
44.82872 17.3051
46.439335 17.255108
48.049946 17.215115
49.66056 17.195118
51.136955 17.165123
52.61335 17.145126
54.089745 17.12513
55.56614 17.110132
57.042534 17.080137
58.65315 17.055141
60.26376 17.030146
61.874374 17.010149
63.35077 16.990152
64.96138 16.965157
66.437775 16.935162
67.91417 16.915165
69.390564 16.88517
70.86696 16.865173
72.34335 16.845177
73.81975 16.805183
75.29614 16.785187
76.63832 16.785187
