0.26843545 37.668842
0.4026532 35.623405
0.67108864 33.743004
0.9395241 32.067646
1.2079595 30.532879
1.3421773 29.128115
1.476395 27.853329
1.6106128 26.703522
1.8790482 25.633701
2.0132658 24.663864
2.1474836 23.764015
2.2817013 22.89916
2.415919 22.119291
2.5501368 22.074299
2.6843545 22.044304
2.8185723 22.00931
2.95279 21.979315
3.0870078 21.94932
3.2212255 21.919325
3.3554432 21.88433
3.489661 21.844337
3.6238787 21.819342
3.7580965 21.779348
3.8923142 21.749353
4.0265317 21.71436
4.1607494 21.659369
4.294967 21.659369
