1.6106128 34.678204
1.7448305 31.942642
2.0132658 29.658026
2.2817013 27.643364
2.415919 25.838667
2.5501368 24.293926
2.8185723 22.914158
2.95279 21.729357
3.0870078 20.594547
3.2212255 19.559721
3.3554432 18.649874
3.489661 17.860006
3.6238787 17.035145
3.7580965 16.325264
3.8923142 15.685311
4.0265317 15.090298
4.0265317 14.495284
4.1607494 14.015273
4.294967 13.530262
4.429185 13.475261
4.5634027 13.4652605
4.5634027 13.43026
4.6976204 13.415259
4.831838 13.375258
4.966056 13.365258
4.966056 13.340258
5.1002736 13.310257
5.6371446 13.310257
