1.2079595 43.31505
1.6106128 40.019344
2.0132658 37.218746
2.2817013 34.768223
2.5501368 32.627766
2.8185723 30.722847
3.0870078 29.03313
3.3554432 27.503387
3.6238787 26.128618
3.8923142 24.893826
4.1607494 23.759016
4.294967 22.714191
4.5634027 21.76935
4.831838 20.8795
4.966056 20.064636
5.2344913 19.314762
5.368709 18.619879
5.6371446 17.95499
5.7713623 17.345093
5.90558 17.325096
6.1740155 17.3001
6.3082333 17.285103
6.5766687 17.255108
6.7108865 17.235111
6.845104 17.205116
7.1135397 17.190119
7.2477574 17.165123
7.381975 17.135128
7.516193 17.12013
7.7846284 17.090136
7.918846 17.070139
8.053063 17.070139
