0.9395241 28.168276
1.0737418 27.398405
1.3421773 26.673527
1.476395 25.963646
1.6106128 25.303757
1.8790482 24.673862
2.0132658 24.073963
2.1474836 23.504059
2.415919 22.954151
2.5501368 22.42924
2.6843545 21.94932
2.8185723 21.4744
2.95279 21.029474
3.0870078 20.569551
3.2212255 20.149622
3.489661 19.74969
3.6238787 19.369753
3.7580965 18.994816
3.8923142 18.639875
4.0265317 18.304932
4.1607494 17.95999
4.294967 17.645042
4.429185 17.36009
4.5634027 17.035145
4.6976204 16.735195
4.831838 16.735195
