0.13421772 12.360235
0.26843545 12.12523
0.4026532 11.920225
0.4026532 11.70522
0.5368709 11.69522
0.67108864 11.68522
0.8053064 11.670219
0.9395241 11.655219
1.0737418 11.645219
1.2079595 11.625218
1.3421773 11.615218
1.3421773 11.600218
1.476395 11.585217
1.6106128 11.575217
1.7448305 11.550217
1.8790482 11.545217
2.0132658 11.530216
2.1474836 11.520216
2.2817013 11.505216
2.2817013 11.480215
2.415919 11.475215
2.5501368 11.4552145
2.6843545 11.445214
2.8185723 11.425214
2.95279 11.420214
3.0870078 11.410213
3.2212255 11.385213
3.3554432 11.380213
3.489661 11.380213
3.6238787 11.380213
