0.8053064 12.885247
0.9395241 12.210232
1.0737418 12.1552305
1.2079595 12.105229
1.3421773 12.090229
1.476395 12.060228
1.476395 12.035228
1.6106128 12.020227
1.7448305 11.995227
1.8790482 11.965226
2.0132658 11.945226
2.1474836 11.925225
2.2817013 11.905225
2.415919 11.880224
2.5501368 11.850224
2.5501368 11.825223
2.6843545 11.810223
2.8185723 11.785222
2.95279 11.765222
3.0870078 11.735221
3.2212255 11.70522
3.3554432 11.68522
3.489661 11.665219
3.6238787 11.655219
3.7580965 11.625218
3.8923142 11.600218
4.0265317 11.575217
4.1607494 11.555217
4.1607494 11.540216
4.294967 11.540216
