2.95279 33.44294
6.3082333 32.387714
9.663676 31.397734
12.884902 30.46789
15.837692 29.57304
18.9247 28.758177
21.87749 27.953312
24.696062 27.218435
27.514635 26.518553
30.333206 25.82367
33.017563 25.188776
35.5677 24.603874
38.117836 24.003975
40.533752 23.449068
42.815456 22.914158
45.365593 22.404243
47.78151 21.929323
49.794777 21.459402
52.076477 21.014477
54.35818 20.584549
56.505665 20.184616
58.65315 19.784683
60.800632 19.409746
62.813896 19.03481
64.82716 18.664871
66.84043 18.324928
68.85369 17.994984
70.86696 17.680037
72.61179 17.370089
74.35662 17.055141
76.36989 17.045143
79.054245 17.045143
83.75186 17.045143
86.570435 17.045143
91.26806 17.045143
93.95241 17.045143
98.65003 17.045143
101.33438 17.045143
106.032005 17.045143
108.85058 17.045143
113.68242 17.045143
116.500984 17.045143
