0.26843545 18.839842
3.3554432 18.499899
6.442451 18.479902
9.7978945 18.449907
12.884902 18.419912
16.106127 18.399916
19.730005 18.37492
23.08545 18.349924
26.306675 18.329927
29.393682 18.31993
32.614906 18.279936
35.836132 18.24994
39.191578 18.229944
42.54702 18.19995
45.768246 18.164955
48.85525 18.13996
52.210697 18.114964
55.431923 18.084969
58.65315 18.064972
61.740154 18.034977
65.0956 17.994984
68.45104 17.974987
71.672264 17.944992
74.75928 17.929995
77.84628 17.890001
81.335945 17.870005
84.288734 17.860006
87.50996 17.845009
90.731186 17.825012
94.086624 17.810015
97.17364 17.795017
100.26064 17.78002
103.481865 17.765022
106.703094 17.745026
109.92432 17.730028
113.27976 17.71503
116.500984 17.695034
119.588 17.675037
122.80922 17.66004
125.89623 17.645042
128.98323 17.630045
132.33868 17.615047
135.29147 17.60005
138.5127 17.575054
141.5997 17.560057
144.55249 17.54506
147.77371 17.530062
150.7265 17.505066
153.94774 17.490068
157.16896 17.47507
160.25597 17.460073
163.47719 17.445076
166.42998 17.430079
169.51698 17.415081
172.73822 17.390085
175.82523 17.370089
179.04645 17.355091
181.99924 17.335094
185.08624 17.320097
188.17325 17.3051
191.12604 17.290102
194.34727 17.275105
197.43428 17.260107
200.6555 17.24511
203.60829 17.225113
206.6953 17.210115
209.51387 17.200117
212.60088 17.195118
215.55367 17.18512
218.64069 17.175121
221.59348 17.165123
224.68048 17.160124
227.76749 17.160124
