0.4026532 44.715347
0.67108864 39.964333
1.0737418 36.10851
1.3421773 32.902824
1.6106128 30.22793
1.8790482 27.913319
2.1474836 25.928652
2.2817013 24.198942
2.5501368 22.679197
2.8185723 21.324425
2.95279 20.124626
3.2212255 19.02481
3.3554432 18.039976
3.489661 17.974987
3.7580965 17.909998
3.8923142 17.84001
4.0265317 17.785019
4.294967 17.730028
4.429185 17.670038
4.5634027 17.590052
4.6976204 17.530062
4.966056 17.465073
5.1002736 17.42008
5.2344913 17.390085
5.368709 17.355091
5.6371446 17.320097
5.7713623 17.290102
5.90558 17.265106
6.039798 17.235111
6.3082333 17.200117
6.442451 17.155125
6.5766687 17.12513
6.7108865 17.085136
6.979322 17.06014
7.1135397 17.030146
7.2477574 16.985153
7.381975 16.985153
