0.5368709 42.89996
0.8053064 41.25961
1.2079595 39.739285
1.6106128 38.323982
1.8790482 36.9987
2.2817013 35.763435
2.6843545 34.593185
2.95279 33.512955
3.3554432 32.497738
3.6238787 31.517714
4.0265317 30.612865
4.1607494 29.758009
4.5634027 28.953144
4.6976204 28.193272
4.966056 27.473392
5.2344913 26.783508
5.502927 26.11862
5.7713623 25.503723
6.039798 24.908823
6.3082333 24.343918
6.442451 23.79401
6.7108865 23.274097
6.979322 22.774181
7.1135397 22.294262
7.381975 21.83434
7.6504107 21.399412
7.7846284 20.974483
8.053063 20.559553
8.187282 20.16462
8.455717 19.789682
8.589934 19.414745
8.85837 19.074802
8.992588 18.73486
9.2610235 18.404915
9.395241 18.089968
9.529459 17.77502
9.7978945 17.755024
9.932112 17.755024
10.06633 17.740026
10.334765 17.725029
10.468983 17.72003
10.737418 17.71503
10.871636 17.705032
11.005854 17.685036
11.274289 17.670038
11.408507 17.66504
11.676942 17.645042
11.81116 17.640043
11.945377 17.630045
12.213813 17.620047
12.348031 17.60505
12.482248 17.59505
12.750684 17.580053
12.884902 17.575054
13.019119 17.550058
13.1533375 17.550058
13.287555 17.530062
13.55599 17.520063
13.690208 17.515064
13.824426 17.505066
14.092861 17.48007
14.227079 17.48007
14.361297 17.465073
14.629732 17.460073
14.76395 17.445076
14.898168 17.440077
15.166603 17.42008
15.300821 17.405083
15.435039 17.400084
15.703474 17.390085
15.837692 17.36509
16.106127 17.36509
16.240345 17.350092
16.374563 17.350092
16.642998 17.330095
16.777216 17.320097
16.911434 17.310099
17.179869 17.290102
17.314087 17.275105
17.448305 17.275105
17.582521 17.255108
17.71674 17.24511
17.985176 17.230112
18.119392 17.220114
18.25361 17.205116
18.522047 17.195118
18.656263 17.18012
18.790482 17.175121
19.058918 17.155125
19.193134 17.145126
19.327353 17.145126
