1.3421773 19.494732
7.6504107 17.685036
10.468983 16.17529
13.287555 14.910294
15.837692 13.8152685
18.25361 12.855247
20.266876 12.780245
22.280144 12.695243
24.29341 12.625241
26.440893 12.55024
28.722593 12.465238
30.870077 12.395236
32.883343 12.310234
34.89661 12.265233
36.909874 12.210232
39.057358 12.165231
41.070625 12.12523
43.08389 12.075229
45.231373 12.020227
47.378857 11.970226
49.257908 11.910225
51.40539 11.860224
53.28444 11.835223
55.297703 11.800222
57.445187 11.765222
59.324234 11.740221
61.471718 11.71022
63.35077 11.670219
65.36404 11.640219
67.3773 11.610218
69.390564 11.580217
71.53805 11.545217
73.4171 11.515216
75.56458 11.485215
77.44363 11.460215
79.456894 11.430214
81.47016 11.390213
83.48343 11.370213
85.36247 11.340212
87.37574 11.310211
89.38901 11.27521
91.53649 11.24521
93.415535 11.220209
95.4288 11.220209
