0.13421772 25.948648
2.95279 24.938818
5.6371446 24.008974
8.724153 23.119123
11.945377 22.30426
14.629732 22.224274
17.582521 22.12429
19.998442 22.039305
22.682796 21.974316
24.561844 21.909327
26.57511 21.82934
28.588377 21.77435
30.467424 21.71436
32.346474 21.64937
34.493958 21.58938
36.238785 21.52939
38.252052 21.464401
40.399536 21.404411
42.278584 21.334423
44.29185 21.274433
46.1709 21.209444
48.184166 21.17945
50.063213 21.149454
52.076477 21.124458
53.95553 21.084465
55.834576 21.084465
