1.0737418 32.22768
6.3082333 29.62803
11.140072 27.398405
15.837692 25.473728
19.998442 23.784012
24.159191 22.30426
27.917288 20.99448
31.406948 19.834675
34.76239 18.779852
38.117836 17.830011
40.936405 17.77502
44.023415 17.725029
46.841988 17.675037
49.794777 17.620047
52.881786 17.555058
55.834576 17.505066
58.65315 17.450075
61.740154 17.395084
64.69295 17.330095
67.64574 17.275105
70.46431 17.220114
73.4171 17.150126
76.36989 17.100134
79.456894 17.035145
82.40968 16.975155
85.22826 16.920164
88.04683 16.855175
90.8654 16.800184
93.683975 16.725197
96.636765 16.670206
99.72377 16.635212
102.67656 16.605217
105.62935 16.560225
108.71636 16.540228
111.66915 16.505234
114.62194 16.505234
