0.13421772 18.119963
2.0132658 17.725029
3.7580965 17.345093
5.6371446 16.970156
7.381975 16.635212
9.126805 16.275272
10.871636 15.9553175
12.6164665 15.64531
14.092861 15.345304
15.703474 15.055297
17.314087 14.7752905
18.790482 14.525285
20.401094 14.260279
21.87749 14.000273
23.219667 13.765267
24.696062 13.500261
26.306675 13.500261
27.78307 13.500261
29.259464 13.500261
30.601643 13.500261
32.078037 13.500261
33.420216 13.500261
34.76239 13.500261
36.10457 13.500261
37.446747 13.500261
38.654705 13.500261
39.996883 13.500261
