0.4026532 42.929966
0.8053064 39.75929
1.0737418 37.0087
1.476395 34.603188
1.7448305 32.497738
2.1474836 30.612865
2.415919 28.938147
2.6843545 27.4284
2.8185723 26.06363
3.0870078 24.823837
3.3554432 23.684029
3.6238787 22.684196
3.8923142 21.754353
4.0265317 20.894497
4.294967 20.109629
4.429185 19.374752
4.5634027 18.684868
4.831838 18.044975
4.966056 17.445076
5.2344913 17.435078
5.368709 17.42008
5.502927 17.405083
5.7713623 17.390085
5.90558 17.36509
6.039798 17.345093
6.3082333 17.330095
6.442451 17.315098
6.5766687 17.3051
6.7108865 17.285103
6.845104 17.260107
7.1135397 17.250109
7.2477574 17.230112
7.381975 17.215115
7.6504107 17.200117
7.7846284 17.18012
7.918846 17.165123
8.053063 17.155125
8.187282 17.135128
8.455717 17.110132
8.589934 17.075138
8.724153 17.055141
8.992588 17.040144
9.126805 17.030146
9.2610235 17.015148
9.529459 17.015148
