0.13421772 15.120298
2.6843545 14.595286
5.2344913 14.550285
7.6504107 14.505284
9.932112 14.450283
12.482248 14.420282
14.898168 14.375281
17.314087 14.33028
19.730005 14.285279
22.145926 14.240278
24.696062 14.185277
27.246199 14.145276
29.930553 14.095275
32.346474 14.050274
34.628174 14.005273
37.044094 13.960272
39.46001 13.905271
41.87593 13.86527
44.426067 13.820269
46.707767 13.785268
48.98947 13.745267
51.40539 13.720266
53.82131 13.700266
56.371445 13.685266
58.65315 13.665265
60.93485 13.645265
63.484985 13.630264
66.035126 13.600264
68.316826 13.585263
70.73274 13.570263
73.14866 13.555263
75.29614 13.540262
77.57785 13.520262
80.12798 13.500261
82.67812 13.485261
84.82561 13.46026
87.24152 13.46026
