0.26843545 27.778341
4.831838 25.078794
9.395241 22.854168
13.287555 20.964485
16.777216 19.354755
20.266876 17.969988
23.353884 16.76519
26.306675 15.695312
28.99103 14.75529
31.406948 13.910271
33.82287 13.160254
36.10457 12.480238
38.117836 12.445237
40.399536 12.400236
42.54702 12.370235
44.694504 12.345235
46.976204 12.315234
49.123688 12.2852335
51.27117 12.245233
53.28444 12.195231
55.431923 12.180231
57.579407 12.14023
59.72689 12.1102295
61.605938 12.070229
63.887638 12.025228
66.035126 11.995227
68.048386 11.955226
70.06165 11.920225
71.940704 11.880224
74.222404 11.840223
76.36989 11.795222
78.51737 11.755221
80.53064 11.725221
82.5439 11.70522
84.42295 11.68022
86.43622 11.660219
88.71792 11.6302185
90.731186 11.605218
92.87867 11.580217
95.02615 11.570217
97.03942 11.545217
99.05268 11.515216
100.93173 11.490215
102.945 11.470215
104.95826 11.445214
106.83731 11.420214
108.85058 11.400213
110.99806 11.380213
113.27976 11.355212
115.427246 11.325212
117.70895 11.310211
119.85643 11.290211
122.13813 11.26521
124.285614 11.24021
126.4331 11.220209
128.58058 11.195209
130.72807 11.170208
132.87555 11.1502075
135.02304 11.1502075
