0.5368709 13.655265
2.0132658 12.625241
4.5634027 11.720221
8.455717 10.970203
10.603201 10.935203
14.76395 10.935203
17.850958 10.890202
21.206402 10.875201
24.561844 10.870201
28.051506 10.845201
31.675385 10.8252
35.165043 10.8102
38.38627 10.795199
41.741714 10.765199
45.097157 10.760199
48.58682 10.745198
52.210697 10.730198
55.700356 10.675197
58.92158 10.655196
62.277027 10.635196
65.766685 10.630196
69.25635 10.620195
72.880226 10.585195
76.10145 10.570194
79.456894 10.565194
82.81234 10.565194
