0.9395241 25.298758
5.2344913 24.163948
9.2610235 23.129122
13.019119 22.179281
16.911434 21.28943
20.535313 20.474567
23.890755 19.704697
27.246199 18.989817
30.467424 18.334927
33.420216 18.289934
36.373005 18.214947
39.325794 18.164955
42.278584 18.119963
45.231373 18.07997
48.184166 18.049974
51.27117 17.999983
54.492397 17.969988
57.579407 17.944992
60.800632 17.9
63.887638 17.875004
66.97465 17.825012
69.92744 17.78002
72.880226 17.750025
75.833015 17.710032
78.92002 17.675037
82.14125 17.650042
85.22826 17.60005
88.04683 17.560057
90.99962 17.515064
94.086624 17.48007
97.30785 17.445076
100.12643 17.400084
103.079216 17.36009
106.16622 17.320097
109.38745 17.285103
112.206024 17.235111
115.15881 17.200117
118.24582 17.160124
121.06439 17.115131
124.01718 17.080137
127.10419 17.040144
129.92276 16.985153
132.87555 16.975155
136.09677 16.955158
139.04956 16.94016
142.00235 16.94016
