0.4026532 34.75822
0.8053064 33.277905
1.0737418 31.887651
1.476395 30.612865
1.7448305 29.443062
2.0132658 28.358244
2.1474836 27.323418
2.415919 26.388575
2.6843545 25.488726
2.95279 24.673862
3.2212255 23.883995
3.3554432 23.149118
3.6238787 22.459234
3.7580965 21.819342
4.0265317 21.199446
4.1607494 20.614544
4.429185 20.054638
4.5634027 19.534725
4.831838 19.044807
4.966056 18.55489
5.1002736 18.099966
5.368709 17.65504
5.502927 17.24511
5.6371446 16.855175
5.7713623 16.480238
6.039798 16.1103
6.1740155 15.785314
6.3082333 15.450306
6.442451 15.135299
6.5766687 14.835292
6.7108865 14.550285
6.845104 14.265279
6.979322 14.000273
7.1135397 13.750267
7.2477574 13.490261
7.381975 13.255256
7.516193 13.01525
7.6504107 12.790245
7.7846284 12.58524
7.918846 12.57024
8.053063 12.57024
8.187282 12.55024
8.321499 12.55024
8.455717 12.530239
8.589934 12.530239
8.589934 12.515239
8.724153 12.515239
8.85837 12.510239
8.992588 12.495238
9.126805 12.495238
9.2610235 12.485238
9.395241 12.485238
9.529459 12.470238
9.663676 12.470238
9.7978945 12.4602375
9.932112 12.455237
10.06633 12.445237
10.200547 12.435237
10.334765 12.425237
10.468983 12.415236
10.603201 12.405236
10.737418 12.400236
10.871636 12.390236
11.005854 12.390236
11.005854 12.380236
11.140072 12.375236
11.274289 12.370235
11.408507 12.355235
11.542725 12.345235
11.676942 12.345235
11.81116 12.335235
11.945377 12.315234
12.079596 12.315234
