0.26843545 33.182884
5.90558 30.447893
11.005854 28.113285
15.569257 26.108622
19.730005 24.363914
23.756538 22.834171
27.514635 21.4744
31.27273 20.269602
34.76239 19.199781
37.8494 18.214947
41.070625 17.320097
43.8892 16.520231
46.707767 15.7803135
49.257908 15.105298
51.94226 14.475284
54.22396 13.89527
56.505665 13.355258
58.787365 12.860247
61.069065 12.405236
63.35077 11.960226
65.36404 11.945226
67.51152 11.920225
69.659004 11.885224
71.53805 11.860224
73.68553 11.825223
75.6988 11.800222
77.84628 11.765222
79.85955 11.750221
81.87281 11.720221
84.020294 11.69022
86.16778 11.660219
88.04683 11.635219
90.19431 11.6302185
92.3418 11.625218
94.355064 11.600218
96.23411 11.585217
98.38159 11.570217
100.39486 11.545217
102.27391 11.540216
104.421394 11.525216
106.43466 11.505216
108.44792 11.485215
110.46119 11.470215
112.60867 11.460215
114.62194 11.450214
116.500984 11.430214
118.64847 11.415214
120.79595 11.400213
122.675 11.380213
124.554054 11.365212
126.835754 11.355212
128.84901 11.340212
130.86229 11.340212
