0.13421772 18.644875
3.2212255 17.565056
6.3082333 16.610216
9.126805 15.745313
11.81116 15.675311
14.495515 15.6053095
16.911434 15.535308
19.46157 15.455306
22.011707 15.390305
24.561844 15.320303
26.977764 15.250301
29.662117 15.1753
32.078037 15.110298
34.628174 15.040297
37.044094 14.980295
39.46001 14.945294
42.010147 14.910294
44.560287 14.890293
47.24464 14.855292
49.66056 14.830292
52.210697 14.805291
54.626614 14.77029
57.31097 14.75029
59.72689 14.710289
62.142807 14.690289
64.55872 14.665288
66.97465 14.630287
69.390564 14.610287
71.80649 14.580286
74.222404 14.555285
76.63832 14.515285
79.18846 14.505284
81.60438 14.465283
84.020294 14.430283
86.43622 14.420282
88.852135 14.380281
91.26806 14.360281
93.683975 14.32028
96.09989 14.30528
98.515816 14.280279
100.93173 14.240278
103.34765 14.225278
105.62935 14.190277
108.17949 14.160276
110.595406 14.135276
112.877106 14.115275
115.56146 14.080275
117.97739 14.045274
120.3933 14.025273
122.675 13.995273
125.22514 13.970272
127.50684 13.940271
129.92276 13.915271
132.20447 13.88527
134.88881 13.855269
137.30473 13.835269
139.72066 13.790268
142.00235 13.775268
144.28406 13.745267
146.8342 13.710266
149.2501 13.690266
151.66603 13.665265
154.08195 13.6402645
156.36365 13.600264
158.64536 13.590263
160.79283 13.550262
163.34297 13.515262
165.89311 13.515262
