0.26843545 21.65437
0.5368709 20.109629
0.67108864 18.754856
0.8053064 18.66987
1.0737418 18.589884
1.2079595 18.504898
1.3421773 18.43491
1.476395 18.354923
1.7448305 18.279936
1.8790482 18.19495
2.0132658 18.114964
2.2817013 18.034977
2.415919 17.95499
2.5501368 17.865005
2.8185723 17.78002
2.95279 17.690035
3.0870078 17.610048
3.3554432 17.520063
3.489661 17.445076
3.6238787 17.390085
3.8923142 17.350092
4.0265317 17.3051
4.1607494 17.265106
4.429185 17.210115
4.5634027 17.175121
4.6976204 17.130129
4.966056 17.090136
5.1002736 17.035145
5.2344913 17.010149
5.368709 16.955158
5.502927 16.910166
5.7713623 16.855175
5.90558 16.815182
6.039798 16.775188
6.1740155 16.730196
6.442451 16.680204
6.5766687 16.64521
6.7108865 16.605217
6.979322 16.605217
