0.26843545 30.917814
0.5368709 29.93298
0.8053064 28.998137
1.0737418 28.13828
1.3421773 27.298422
1.476395 26.518553
1.7448305 25.778677
2.0132658 25.083794
2.2817013 24.428904
2.415919 23.779013
2.6843545 23.184113
2.95279 22.60921
3.0870078 22.0643
3.2212255 21.549387
3.489661 21.039473
3.7580965 20.569551
3.8923142 20.114628
4.1607494 19.659704
4.294967 19.249773
4.429185 18.859838
4.6976204 18.454906
4.831838 18.089968
4.966056 17.71503
5.2344913 17.370089
5.368709 17.06014
5.502927 16.730196
5.7713623 16.41025
5.90558 16.120298
6.039798 15.8253145
6.1740155 15.555308
6.3082333 15.520308
6.442451 15.515307
6.5766687 15.515307
6.7108865 15.515307
6.845104 15.495307
7.1135397 15.4753065
7.2477574 15.460306
7.381975 15.460306
7.516193 15.460306
7.6504107 15.450306
7.7846284 15.420305
7.918846 15.420305
8.053063 15.415305
8.321499 15.415305
8.455717 15.415305
8.589934 15.385304
8.724153 15.375304
8.85837 15.370304
8.992588 15.370304
9.126805 15.360304
9.2610235 15.340303
9.529459 15.330303
9.663676 15.315303
9.7978945 15.315303
