1.8790482 36.71364
2.1474836 33.91804
2.415919 31.517714
2.8185723 29.433064
2.95279 27.588373
3.2212255 25.958647
3.489661 24.50889
3.7580965 23.19411
4.0265317 22.029306
4.1607494 20.949488
4.429185 19.974651
4.5634027 19.0848
4.831838 18.25494
4.966056 17.500067
5.1002736 16.795185
5.368709 16.150293
5.502927 15.570309
5.6371446 15.020296
5.7713623 14.525285
5.90558 14.500284
6.039798 14.475284
6.1740155 14.4702835
6.3082333 14.450283
6.442451 14.4252825
6.5766687 14.400282
6.845104 14.380281
6.979322 14.375281
7.1135397 14.350281
7.2477574 14.33528
7.381975 14.33028
7.516193 14.30028
7.6504107 14.275279
7.7846284 14.255279
7.918846 14.235278
8.053063 14.235278
8.187282 14.210278
8.455717 14.185277
8.589934 14.165277
8.724153 14.140276
8.85837 14.130276
8.992588 14.115275
9.126805 14.095275
9.2610235 14.095275
9.395241 14.070274
9.529459 14.035274
9.663676 14.020273
9.7978945 14.000273
9.932112 13.985272
10.06633 13.965272
10.200547 13.955272
10.468983 13.935271
10.603201 13.905271
10.737418 13.89527
10.871636 13.87527
11.005854 13.855269
11.140072 13.825269
11.274289 13.820269
11.408507 13.810268
11.676942 13.780268
11.81116 13.780268
