0.26843545 33.77801
3.489661 32.09265
6.979322 30.687853
10.334765 29.353077
13.1533375 28.133282
16.106127 27.018469
19.058918 25.99364
21.743273 25.013805
24.561844 24.128954
26.843546 23.299093
29.393682 22.529222
31.675385 21.804344
33.82287 21.084465
35.836132 20.469568
37.8494 19.849672
39.996883 19.304764
42.144367 18.739859
43.8892 18.25994
45.902462 17.770021
47.78151 17.310099
49.794777 16.865173
51.808044 16.480238
53.55287 16.060308
55.297703 15.700312
57.042534 15.315303
58.787365 14.990295
60.532196 14.665288
62.277027 14.32528
63.75342 14.045274
65.36404 13.750267
66.97465 13.46026
68.45104 13.200254
70.06165 12.935248
71.40383 12.685243
73.01444 12.455237
74.35662 12.215232
75.56458 11.990227
77.17519 11.790222
78.51737 11.565217
79.85955 11.370213
81.067505 11.180208
82.14125 11.180208
83.34921 11.170208
84.82561 11.1502075
87.24152 11.1502075
89.79166 11.1502075
91.804924 11.1502075
93.95241 11.1502075
96.09989 11.1502075
98.247375 11.1502075
100.529076 11.1502075
102.81078 11.1502075
105.2267 11.1502075
107.64262 11.1502075
110.05854 11.1502075
