0.13421772 18.37992
3.7580965 17.250109
6.845104 16.245277
9.663676 15.340303
12.348031 14.535285
14.76395 14.475284
17.045652 14.405282
19.46157 14.33528
21.87749 14.280279
24.29341 14.245278
26.709328 14.215278
29.125246 14.175277
31.675385 14.140276
34.22552 14.105275
36.909874 14.065274
39.46001 14.030273
41.741714 13.985272
44.15763 13.950272
46.57355 13.940271
49.123688 13.920271
51.673824 13.905271
54.089745 13.88527
56.505665 13.87027
58.787365 13.855269
61.203285 13.835269
63.75342 13.820269
66.16934 13.805268
68.58526 13.780268
71.001175 13.755267
73.4171 13.735267
75.96723 13.715266
78.24893 13.700266
80.53064 13.680265
82.946556 13.660265
85.4967 13.6402645
87.7784 13.605264
90.19431 13.605264
