6.3082333 60.198654
11.274289 57.5981
15.837692 55.197586
20.401094 53.00712
24.83028 50.95168
28.99103 49.061275
33.15178 47.3009
37.17831 45.635544
41.070625 44.100216
44.694504 42.644905
48.318382 41.299618
51.94226 40.014343
55.297703 38.819088
58.65315 37.683846
61.874374 36.63362
64.96138 35.618404
67.91417 34.673203
70.86696 33.76801
73.81975 32.892822
76.63832 32.072647
79.456894 31.282753
82.007034 30.547876
84.55717 29.832996
87.10731 29.143112
89.38901 28.483223
91.93914 27.863327
94.22085 27.268427
96.636765 26.688524
99.05268 26.12362
101.33438 25.598707
103.481865 25.083794
105.62935 24.588877
107.64262 24.108957
109.7901 23.664032
111.937584 23.219107
114.08507 22.78418
116.098335 22.374249
118.1116 21.974316
119.99065 21.584381
122.003914 21.549387
123.74875 21.53439
125.76201 21.519392
127.64106 21.489397
129.3859 21.464401
131.39915 21.434406
133.2782 21.404411
135.15726 21.374416
137.0363 21.364418
138.78113 21.339422
140.7944 21.309427
142.67345 21.299429
144.41827 21.279432
146.43153 21.254436
148.3106 21.219442
150.05542 21.204445
152.06868 21.184448
153.94774 21.144455
155.82678 21.129457
157.57161 21.11946
159.45067 21.094463
161.32971 21.079466
163.07454 21.074467
165.0878 21.05447
166.96686 21.039473
168.71169 21.014477
170.45651 21.014477
