0.26843545 27.143448
4.6976204 26.363579
8.992588 25.648699
13.287555 24.948816
17.179869 24.293926
21.206402 23.67403
24.964497 23.074131
28.588377 22.519224
32.346474 21.979315
35.701916 21.459402
39.191578 20.974483
42.681236 20.504562
45.902462 20.054638
49.392124 19.614712
52.61335 19.199781
55.834576 18.799849
58.787365 18.414913
61.874374 18.044975
64.82716 17.695034
67.77995 17.380087
70.46431 17.050142
73.4171 16.740194
76.10145 16.430246
78.92002 16.140295
81.47016 15.860315
84.020294 15.585309
86.70465 15.580309
89.38901 15.570309
91.93914 15.565309
94.6235 15.565309
