0.13421772 22.444237
3.8923142 21.10946
7.381975 19.914661
10.737418 18.834843
13.824426 17.880003
16.777216 17.830011
19.595789 17.78002
22.682796 17.735027
25.769804 17.685036
28.588377 17.635044
31.675385 17.585052
34.628174 17.54006
37.446747 17.48007
40.533752 17.42508
43.62076 17.375088
46.57355 17.325096
49.392124 17.270105
52.47913 17.210115
55.56614 17.150126
58.384712 17.090136
61.3375 17.030146
64.156075 16.980154
66.97465 16.925163
69.92744 16.860174
73.01444 16.810183
75.96723 16.780188
78.92002 16.755192
81.87281 16.740194
84.69138 16.7052
87.50996 16.685204
90.59697 16.655209
93.415535 16.630213
96.23411 16.600218
99.1869 16.600218
