1.0737418 33.612976
1.2079595 32.282692
1.6106128 31.06779
1.7448305 29.952976
2.1474836 28.898153
2.2817013 27.923317
2.6843545 27.018469
2.95279 26.153614
3.2212255 25.34875
3.489661 24.588877
3.6238787 23.873997
3.8923142 23.189112
4.1607494 22.554218
4.294967 21.94432
4.5634027 21.389414
4.6976204 20.864502
4.966056 20.359587
5.2344913 19.85967
5.368709 19.414745
5.502927 18.96482
5.7713623 18.54989
5.90558 18.159956
6.039798 17.770021
6.3082333 17.400084
6.442451 17.040144
6.5766687 16.7102
6.845104 16.385254
6.979322 16.065308
7.1135397 15.765313
7.2477574 15.470306
7.516193 15.1903
7.516193 14.925294
7.7846284 14.665288
7.918846 14.410282
8.053063 14.155276
8.187282 13.935271
8.321499 13.935271
