0.4026532 28.50322
5.1002736 26.383575
9.7978945 24.578878
14.092861 22.994144
18.25361 21.58938
22.011707 20.329592
25.635586 19.219778
28.99103 18.219946
32.48069 17.315098
35.43348 16.480238
38.117836 15.735312
41.070625 15.040297
44.023415 14.420282
46.707767 13.840269
49.123688 13.300257
51.539608 12.800245
54.089745 12.350235
56.23723 11.910225
58.250492 11.510216
60.532196 11.490215
62.67968 11.475215
64.69295 11.450214
66.57199 11.425214
68.85369 11.405213
71.001175 11.385213
73.01444 11.355212
75.02771 11.335212
77.17519 11.325212
79.32268 11.320211
81.47016 11.310211
83.34921 11.300211
85.63091 11.290211
87.7784 11.2802105
89.79166 11.27021
91.67071 11.26021
93.81819 11.24521
95.83146 11.24021
97.7105 11.235209
99.85799 11.225209
101.871254 11.210209
103.750305 11.200209
105.89779 11.190208
107.91106 11.180208
110.05854 11.165208
112.0718 11.155208
114.219284 11.145207
116.23255 11.145207
