1.6106128 13.345258
3.8923142 13.110252
6.3082333 12.880247
8.455717 12.845246
10.603201 12.835246
12.750684 12.830246
15.032386 12.8102455
17.179869 12.800245
19.46157 12.785245
21.474836 12.760244
23.756538 12.750244
25.904022 12.740244
28.051506 12.730244
30.198988 12.710243
32.346474 12.690243
34.359737 12.680243
36.775658 12.665242
38.788925 12.6352415
41.070625 12.610241
43.08389 12.595241
45.365593 12.57024
47.378857 12.55524
49.66056 12.540239
51.808044 12.525239
54.089745 12.500238
56.23723 12.490238
58.51893 12.480238
60.666412 12.470238
62.67968 12.445237
64.96138 12.425237
67.108864 12.415236
69.390564 12.405236
71.53805 12.395236
73.68553 12.375236
75.833015 12.350235
77.84628 12.330235
80.12798 12.320234
82.27547 12.290234
84.288734 12.265233
86.570435 12.255233
88.5837 12.240232
90.8654 12.230232
93.012886 12.220232
95.02615 12.210232
97.30785 12.195231
99.45534 12.175231
101.468605 12.1552305
103.61609 12.14023
105.76357 12.12023
107.77683 12.100229
109.92432 12.085229
111.937584 12.070229
113.95085 12.050228
116.23255 12.025228
118.380035 12.000227
120.25909 11.990227
122.675 11.9802265
124.68827 11.955226
126.70154 11.930225
128.98323 11.910225
131.13072 11.900225
133.2782 11.880224
135.15726 11.855224
137.43895 11.845223
139.58644 11.840223
141.46548 11.820223
143.47874 11.795222
145.76045 11.775222
147.90794 11.7602215
149.78699 11.750221
151.80025 11.745221
154.08195 11.740221
156.09521 11.735221
158.10849 11.730221
159.98753 11.720221
162.26923 11.71522
164.2825 11.71022
166.42998 11.70522
168.30904 11.69522
170.45651 11.69022
172.604 11.68522
174.75148 11.68022
176.63052 11.67522
178.6438 11.67522
