0.8053064 33.267902
6.442451 31.767672
11.81116 30.387903
17.179869 29.143112
21.87749 27.96831
26.57511 26.89349
31.004295 25.898657
35.5677 24.968813
39.862667 24.108957
44.023415 23.299093
48.049946 22.534222
51.808044 21.82434
55.56614 21.159452
59.190018 20.524559
62.67968 19.929659
66.035126 19.364754
69.390564 18.834843
72.61179 18.329927
75.6988 17.845009
79.054245 17.410082
82.14125 16.970156
85.09404 16.555225
87.91261 16.16529
90.731186 15.790314
93.683975 15.420305
96.23411 15.085298
98.78425 14.76529
101.60282 14.440283
104.28718 14.145276
106.83731 13.855269
109.25323 13.570263
111.66915 13.300257
114.08507 13.050251
116.23255 12.790245
118.51425 12.55524
120.79595 12.325234
122.943436 12.095229
125.09092 11.885224
127.10419 11.670219
129.3859 11.470215
131.39915 11.460215
133.41241 11.450214
135.42569 11.435214
137.57317 11.425214
139.58644 11.415214
141.5997 11.405213
143.61298 11.395213
145.76045 11.390213
147.77371 11.380213
149.65277 11.375213
151.66603 11.370213
153.81352 11.365212
155.82678 11.360212
157.70583 11.360212
