0.26843545 31.307749
0.5368709 28.893154
0.9395241 26.808504
1.0737418 25.008806
1.3421773 23.419073
1.476395 22.00931
1.7448305 20.75452
2.0132658 19.62971
2.1474836 18.60988
2.2817013 18.54989
2.5501368 18.4899
2.6843545 18.419912
2.95279 18.359922
3.0870078 18.289934
3.2212255 18.219946
3.489661 18.159956
3.6238787 18.094967
3.7580965 18.039976
4.0265317 17.969988
4.1607494 17.904999
4.429185 17.850008
4.5634027 17.770021
4.6976204 17.700033
4.966056 17.650042
5.1002736 17.565056
5.368709 17.53506
5.502927 17.510065
5.6371446 17.48007
5.90558 17.430079
6.039798 17.400084
6.1740155 17.36509
6.442451 17.335094
6.5766687 17.295101
6.7108865 17.295101
