0.9395241 34.313126
1.2079595 32.382713
1.476395 30.652859
1.7448305 29.09812
1.8790482 27.688356
2.1474836 26.388575
2.415919 25.218771
2.6843545 24.128954
2.95279 23.14412
3.0870078 22.214275
3.3554432 21.34942
3.489661 20.569551
3.6238787 19.824677
3.8923142 19.129793
4.0265317 19.0898
4.1607494 19.039808
4.429185 19.004814
4.5634027 18.954823
4.6976204 18.91483
4.831838 18.859838
5.1002736 18.839842
5.2344913 18.819845
5.368709 18.799849
5.6371446 18.764854
5.7713623 18.744858
5.90558 18.719862
6.1740155 18.709864
6.3082333 18.67487
6.442451 18.649874
6.7108865 18.639875
6.845104 18.61488
6.979322 18.584885
7.1135397 18.559889
7.381975 18.544891
7.516193 18.524895
7.6504107 18.4899
7.7846284 18.474903
8.053063 18.444908
8.187282 18.42991
8.321499 18.399916
8.589934 18.37492
8.724153 18.359922
8.85837 18.329927
8.992588 18.30993
9.2610235 18.284935
9.395241 18.25994
9.529459 18.244942
9.7978945 18.219946
9.7978945 18.18995
10.06633 18.169954
10.200547 18.149958
10.334765 18.124962
10.603201 18.099966
10.737418 18.07497
10.871636 18.054974
11.005854 18.034977
11.274289 18.009981
11.274289 17.974987
11.542725 17.95999
11.676942 17.929995
11.81116 17.904999
12.079596 17.885002
12.213813 17.870005
12.348031 17.845009
12.6164665 17.815014
12.750684 17.790018
12.884902 17.770021
13.1533375 17.750025
13.287555 17.725029
13.421773 17.700033
13.690208 17.680037
13.824426 17.65504
13.958644 17.630045
14.227079 17.60505
14.361297 17.590052
14.629732 17.565056
14.76395 17.54006
14.898168 17.510065
15.166603 17.495068
15.300821 17.48007
15.435039 17.445076
15.703474 17.42508
15.837692 17.400084
15.9719095 17.385086
16.106127 17.370089
16.240345 17.330095
16.374563 17.325096
16.642998 17.3001
16.777216 17.270105
16.911434 17.24511
17.179869 17.225113
17.314087 17.205116
17.448305 17.175121
17.582521 17.145126
17.850958 17.12513
17.985176 17.100134
18.119392 17.085136
18.387829 17.06014
18.522047 17.035145
18.656263 17.010149
18.9247 17.010149
