0.26843545 29.133114
5.2344913 25.783676
9.529459 23.114124
13.421773 20.929491
17.045652 19.104797
20.401094 17.560057
23.353884 16.240278
26.172457 15.085298
28.722593 15.000296
31.27273 14.895293
33.82287 14.805291
36.373005 14.715289
38.92314 14.620287
41.473278 14.530285
44.023415 14.445283
46.57355 14.380281
49.123688 14.31528
51.673824 14.250278
54.089745 14.195277
56.63988 14.145276
59.0558 14.080275
61.471718 14.015273
63.887638 13.950272
66.30356 13.88527
68.719475 13.810268
71.269615 13.780268
73.81975 13.740267
76.36989 13.740267
