5.2344913 23.624039
7.516193 21.399412
9.932112 19.44974
11.945377 17.949991
13.824426 16.630213
15.703474 15.470306
17.314087 14.430283
18.656263 13.600264
19.998442 12.815246
21.474836 12.100229
22.817015 11.465215
24.159191 10.885201
25.367151 10.875201
26.57511 10.855201
27.78307 10.845201
28.99103 10.8252
30.198988 10.8102
31.541166 10.8001995
35.299263 10.8001995
39.325794 10.8001995
42.949673 10.8001995
47.378857 10.8001995
51.002735 10.8001995
55.163486 10.8001995
58.92158 10.8001995
63.21655 10.8001995
66.84043 10.8001995
70.86696 10.8001995
74.62505 10.8001995
