0.67108864 21.974316
3.2212255 21.494396
5.502927 21.029474
7.7846284 20.57955
10.06633 20.154621
12.482248 19.74969
14.495515 19.359755
16.508781 18.999815
18.790482 18.619879
20.803747 18.269938
22.951231 17.929995
24.83028 17.620047
26.709328 17.3051
28.722593 16.995152
30.735859 16.700201
32.48069 16.690203
34.359737 16.665207
35.970352 16.655209
37.715183 16.64521
39.325794 16.640211
41.070625 16.630213
43.08389 16.625214
44.96294 16.620214
46.976204 16.615215
48.721035 16.605217
51.539608 16.605217
56.23723 16.605217
59.0558 16.605217
63.484985 16.605217
65.9009 16.605217
70.46431 16.605217
73.14866 16.605217
77.84628 16.605217
80.664856 16.605217
85.09404 16.605217
87.50996 16.605217
