0.26843545 21.094463
0.4026532 20.604546
0.5368709 20.124626
0.8053064 19.669703
0.9395241 19.239775
1.2079595 18.819845
1.3421773 18.424911
1.476395 18.034977
1.6106128 17.670038
1.7448305 17.320097
2.0132658 16.975155
2.1474836 16.640211
2.2817013 16.325264
2.415919 16.025314
2.5501368 15.725312
2.8185723 15.435306
2.95279 15.160299
3.0870078 14.900293
3.2212255 14.880293
3.3554432 14.865293
3.489661 14.845292
3.6238787 14.830292
3.7580965 14.800291
3.8923142 14.785291
4.0265317 14.7752905
4.1607494 14.75529
4.294967 14.73529
4.429185 14.725289
4.6976204 14.715289
4.6976204 14.700289
4.966056 14.685288
5.1002736 14.680288
5.2344913 14.680288
5.368709 14.670288
5.502927 14.660288
5.6371446 14.635287
5.7713623 14.630287
5.90558 14.630287
6.039798 14.615287
6.1740155 14.605287
6.3082333 14.585286
6.442451 14.580286
6.5766687 14.580286
