1.3421773 19.069803
3.3554432 18.204948
5.2344913 17.435078
7.2477574 16.725197
8.85837 16.090303
13.1533375 15.465306
15.703474 14.910294
19.595789 14.390282
22.011707 13.90027
26.038239 13.89027
30.601643 13.87527
33.957085 13.850269
37.983616 13.835269
41.87593 13.820269
45.902462 13.800268
50.86852 13.795268
54.22396 13.795268
58.116276 13.755267
62.142807 13.755267
66.97465 13.755267
70.86696 13.755267
75.43037 13.755267
79.456894 13.755267
84.15452 13.755267
88.04683 13.755267
92.61023 13.755267
96.636765 13.755267
101.06595 13.755267
104.95826 13.755267
