0.9395241 19.134792
1.2079595 18.144958
1.3421773 18.104965
1.6106128 18.044975
1.7448305 17.999983
1.8790482 17.949991
2.1474836 17.885002
2.2817013 17.84001
2.5501368 17.78002
2.6843545 17.730028
2.8185723 17.675037
3.0870078 17.615047
3.2212255 17.565056
3.3554432 17.54006
3.6238787 17.520063
3.6238787 17.495068
3.8923142 17.47507
4.0265317 17.455074
4.1607494 17.42008
4.429185 17.400084
4.5634027 17.375088
4.6976204 17.350092
4.831838 17.320097
5.1002736 17.3001
5.2344913 17.270105
5.368709 17.24011
5.6371446 17.220114
5.7713623 17.18512
5.90558 17.165123
6.1740155 17.165123
