1.0737418 40.059353
7.6504107 38.664055
14.092861 37.363777
19.998442 36.15352
25.769804 35.003273
31.541166 33.923042
37.17831 32.907825
42.54702 31.95264
47.78151 31.042793
52.881786 30.187937
57.84784 29.378073
62.54546 28.603203
67.24308 27.873325
71.80649 27.178442
76.23567 26.508554
80.664856 25.88366
85.09404 25.273762
89.38901 24.68886
93.415535 24.128954
97.30785 23.609041
101.468605 23.104126
105.2267 22.60921
108.984795 22.134289
112.877106 21.679365
116.63521 21.254436
120.12487 20.829508
123.614525 20.429575
126.96997 20.03964
130.32541 19.669703
133.68086 19.304764
136.76787 18.949823
139.85487 18.60988
143.0761 18.289934
146.29732 18.264938
149.65277 18.234943
152.73978 18.19995
155.82678 18.164955
158.91379 18.13996
161.86658 18.104965
164.95358 18.084969
167.90637 18.054974
170.85916 18.029978
173.94618 18.004982
177.03319 17.969988
180.1202 17.944992
183.2072 17.914997
186.42842 17.9
189.38121 17.880003
192.19978 17.850008
195.15257 17.83501
198.10536 17.820013
201.3266 17.790018
204.54782 17.770021
207.63483 17.755024
210.58762 17.750025
213.5404 17.725029
216.4932 17.72003
219.5802 17.705032
222.6672 17.700033
225.75421 17.690035
228.57278 17.675037
231.52557 17.66004
234.6126 17.65504
237.6996 17.640043
240.7866 17.635044
243.60518 17.615047
246.55797 17.615047
249.64497 17.59505
252.8662 17.580053
255.81898 17.570055
258.7718 17.560057
261.72458 17.54006
264.81158 17.53506
267.8986 17.525063
270.85138 17.515064
273.80417 17.500067
276.75696 17.490068
279.97818 17.48007
282.79675 17.465073
285.61533 17.455074
288.70233 17.445076
291.92355 17.42508
294.74213 17.42008
297.69492 17.405083
300.78192 17.405083
303.86893 17.385086
306.6875 17.370089
309.7745 17.36509
312.7273 17.345093
315.8143 17.340094
318.7671 17.330095
321.71988 17.315098
324.80692 17.3001
327.6255 17.290102
330.57828 17.280104
333.66528 17.270105
336.7523 17.260107
339.70508 17.24511
342.65787 17.24011
345.8791 17.225113
348.69766 17.220114
351.78467 17.200117
354.87167 17.190119
357.69025 17.175121
360.77725 17.165123
363.86426 17.160124
366.68283 17.145126
369.63562 17.12513
372.72263 17.12513
375.6754 17.105133
378.6282 17.100134
381.7152 17.090136
384.53378 17.090136
