0.26843545 22.594212
4.294967 20.194614
8.053063 18.234943
11.274289 16.610216
14.092861 15.260302
16.777216 14.090275
19.058918 13.075252
21.340618 12.195231
23.353884 12.13023
25.635586 12.055228
27.78307 11.975226
29.796335 11.905225
31.8096 11.840223
33.82287 11.765222
36.10457 11.70022
38.117836 11.660219
40.26532 11.605218
42.278584 11.550217
44.29185 11.495215
46.305115 11.450214
48.184166 11.395213
50.063213 11.335212
52.076477 11.285211
53.82131 11.235209
55.700356 11.205209
57.579407 11.175208
59.861107 11.135207
62.00859 11.095206
64.156075 11.085206
66.16934 11.055205
68.18261 11.025205
70.330086 10.990204
72.20914 10.955203
74.222404 10.9302025
76.23567 10.895202
78.24893 10.895202
