0.4026532 34.1881
6.1740155 32.677776
11.676942 31.292751
16.911434 30.027964
21.87749 28.868158
26.709328 27.778341
31.27273 26.76851
35.970352 25.828669
40.399536 24.938818
44.560287 24.118956
48.721035 23.349085
52.61335 22.614208
56.371445 21.924324
59.995323 21.29443
63.484985 20.684532
66.97465 20.114628
70.330086 19.574718
73.68553 19.049807
76.90676 18.559889
80.12798 18.084969
83.08077 17.640043
86.16778 17.210115
88.98635 16.815182
91.93914 16.41025
94.6235 16.05031
97.30785 15.685311
99.85799 15.355304
102.54234 15.025296
105.09248 14.705289
107.5084 14.405282
109.92432 14.100275
112.47446 13.8152685
114.75616 13.560263
117.03786 13.310257
119.18534 13.050251
121.19861 12.800245
123.34609 12.58024
125.493576 12.350235
127.64106 12.14023
129.78854 12.13023
132.07025 12.12523
134.08351 12.12023
136.09677 12.1102295
138.37848 12.1102295
140.25752 12.100229
142.40501 12.080229
144.55249 12.080229
146.56577 12.070229
148.57903 12.060228
150.7265 12.045228
152.73978 12.030228
154.75304 12.020227
156.90053 12.005227
158.91379 12.000227
160.92706 11.9802265
163.07454 11.965226
165.0878 11.965226
167.10107 11.955226
169.24855 11.940226
171.26183 11.940226
173.27509 11.9352255
175.5568 11.930225
177.57005 11.925225
179.71754 11.920225
181.86502 11.915225
183.87828 11.910225
186.02577 11.910225
188.03903 11.900225
190.0523 11.895225
192.334 11.890224
194.21306 11.885224
196.36053 11.880224
198.50803 11.880224
200.38707 11.875224
202.53455 11.870224
204.54782 11.865224
206.6953 11.860224
208.84279 11.855224
210.85605 11.850224
212.86932 11.845223
215.0168 11.840223
217.03006 11.835223
219.17755 11.830223
221.19081 11.820223
223.3383 11.815223
225.48578 11.810223
227.36484 11.810223
229.51231 11.790222
231.52557 11.780222
233.53885 11.770222
235.68633 11.7602215
237.6996 11.740221
239.71286 11.735221
241.72614 11.725221
243.7394 11.720221
245.88687 11.720221
