2.0132658 43.13501
2.2817013 41.44465
2.6843545 39.86431
2.8185723 38.434006
3.0870078 37.068714
3.2212255 35.798443
3.489661 34.61319
3.6238787 33.507954
3.7580965 32.447727
3.8923142 31.472721
4.1607494 30.567873
4.294967 29.713017
4.429185 28.883156
4.5634027 28.118284
4.6976204 27.398405
4.831838 26.698523
5.1002736 26.048632
5.2344913 25.393742
5.368709 24.80884
5.502927 24.218939
5.6371446 23.669031
5.7713623 23.159117
5.90558 22.654202
6.039798 22.179281
6.3082333 21.704361
6.3082333 21.254436
6.442451 20.824509
6.5766687 20.419577
6.7108865 20.034641
6.845104 19.644707
6.979322 19.279768
7.1135397 18.919828
7.2477574 18.574886
7.381975 18.24994
7.381975 17.929995
7.516193 17.620047
7.6504107 17.610048
7.7846284 17.60005
7.918846 17.580053
7.918846 17.565056
8.053063 17.555058
8.187282 17.550058
8.321499 17.54006
8.455717 17.530062
8.589934 17.510065
8.724153 17.495068
8.85837 17.48507
8.85837 17.47507
8.992588 17.465073
9.126805 17.455074
9.2610235 17.435078
9.395241 17.42508
9.529459 17.42008
9.529459 17.395084
9.663676 17.380087
9.7978945 17.36009
9.932112 17.345093
10.06633 17.330095
10.06633 17.320097
10.200547 17.320097
10.334765 17.3051
10.468983 17.280104
10.603201 17.255108
10.737418 17.250109
10.737418 17.230112
10.871636 17.220114
11.005854 17.220114
