0.13421772 25.158781
4.429185 23.13912
8.187282 21.444405
11.81116 19.964653
15.166603 18.66987
18.387829 17.530062
21.206402 16.515232
24.159191 15.595309
26.709328 14.780291
29.259464 14.730289
31.675385 14.690289
34.22552 14.635287
36.775658 14.615287
39.325794 14.585286
41.87593 14.550285
44.560287 14.515285
47.24464 14.500284
49.794777 14.4702835
52.210697 14.435283
54.760834 14.415282
57.31097 14.385282
59.995323 14.360281
62.54546 14.32528
64.96138 14.2952795
67.3773 14.275279
70.06165 14.245278
72.74601 14.220278
75.43037 14.190277
77.84628 14.150276
80.396416 14.130276
82.946556 14.110275
85.63091 14.065274
88.04683 14.040274
90.59697 14.015273
93.1471 13.995273
95.69724 13.960272
98.247375 13.930271
100.797516 13.910271
103.481865 13.87527
105.89779 13.850269
108.313705 13.825269
110.863846 13.790268
113.27976 13.765267
115.8299 13.735267
118.380035 13.700266
120.79595 13.700266
