1.6106128 50.67162
2.0132658 47.000835
2.1474836 43.84016
2.415919 40.98455
2.6843545 38.53903
2.8185723 36.35356
3.0870078 34.353134
3.2212255 32.60276
3.3554432 30.952808
3.489661 29.488054
3.6238787 28.14828
3.7580965 26.923485
4.0265317 25.82367
4.1607494 24.813839
4.294967 23.888994
4.429185 22.989145
4.5634027 22.174282
4.6976204 21.40941
4.831838 21.379416
4.966056 21.35442
5.1002736 21.314426
5.2344913 21.284431
5.368709 21.259436
5.502927 21.22944
5.6371446 21.184448
5.7713623 21.159452
5.90558 21.159452
