0.8053064 20.234608
0.9395241 18.579885
1.0737418 17.145126
1.3421773 15.950317
1.476395 14.905293
1.6106128 14.865293
1.7448305 14.845292
1.8790482 14.800291
2.0132658 14.76529
2.1474836 14.74029
2.2817013 14.700289
2.5501368 14.665288
2.6843545 14.625287
2.8185723 14.595286
2.95279 14.560286
3.0870078 14.510284
3.2212255 14.490284
3.3554432 14.450283
3.489661 14.415282
3.6238787 14.375281
3.8923142 14.340281
4.0265317 14.30028
4.1607494 14.275279
4.294967 14.235278
4.429185 14.200277
4.5634027 14.175277
4.6976204 14.130276
4.831838 14.105275
4.966056 14.070274
5.1002736 14.025273
5.2344913 14.000273
5.368709 13.960272
5.502927 13.940271
5.6371446 13.89527
5.7713623 13.845269
5.90558 13.810268
6.039798 13.780268
6.1740155 13.740267
6.3082333 13.710266
6.442451 13.680265
6.5766687 13.645265
6.7108865 13.600264
6.845104 13.560263
6.979322 13.535262
7.1135397 13.490261
7.2477574 13.470261
7.381975 13.42526
7.516193 13.42526
