1.0737418 43.84016
8.85837 39.119152
15.569257 35.283333
21.609055 32.122658
27.380417 29.463058
32.749126 27.18844
37.715183 25.233768
42.412804 23.529055
46.57355 22.034306
50.734303 20.719526
54.22396 19.534725
57.84784 18.4899
61.069065 17.530062
64.42451 17.48007
67.77995 17.42508
70.86696 17.36509
74.222404 17.3001
77.17519 17.235111
80.396416 17.18012
83.48343 17.12513
86.570435 17.070139
89.523224 17.015148
92.74445 16.95016
95.69724 16.930162
98.918465 16.895168
101.73704 16.860174
104.68983 16.840178
107.77683 16.810183
110.863846 16.790186
113.816635 16.790186
