3.3554432 30.22293
6.5766687 28.463226
9.529459 26.928484
12.213813 25.488726
14.898168 24.223938
17.314087 23.08413
19.864223 22.0643
22.145926 21.144455
24.29341 20.239607
26.57511 19.434742
30.735859 18.67487
34.359737 17.984985
39.46001 17.405083
43.08389 16.805183
45.902462 16.275272
47.647293 16.275272
49.392124 16.275272
51.136955 16.275272
52.881786 16.275272
54.760834 16.275272
56.505665 16.275272
58.250492 16.275272
59.995323 16.275272
61.740154 16.275272
63.6192 16.275272
65.36404 16.275272
