0.5368709 56.417847
9.529459 53.822292
18.522047 51.42678
26.977764 49.26132
35.030827 47.26089
42.54702 45.39049
49.928993 43.680126
57.042534 42.089787
64.02186 40.594467
70.73274 39.224174
77.04098 37.918896
82.946556 36.708637
88.98635 35.55839
94.75771 34.47816
100.39486 33.472946
105.89779 32.50274
111.13228 31.5977
116.36677 30.732845
121.19861 29.907984
126.29888 29.138113
131.13072 28.388239
135.69412 27.693356
140.25752 27.028467
144.6867 26.403572
149.11589 25.798674
153.14243 25.22877
157.30318 24.678862
161.59814 24.158949
165.49046 23.649035
169.38277 23.149118
173.14087 22.689196
177.03319 22.24927
180.79128 21.804344
184.41516 21.389414
188.03903 20.979483
191.39449 20.594547
194.88414 20.22461
198.23958 19.85967
201.46082 19.50473
204.81625 19.169786
208.03748 19.154789
211.2587 19.129793
214.34572 19.119795
217.29851 19.104797
220.51973 19.0898
223.87517 19.074802
227.09639 19.069803
230.18341 19.044807
233.27042 19.03481
236.35742 19.019812
239.71286 19.009813
242.79987 18.984818
246.0211 18.96482
249.10811 18.949823
252.19511 18.929827
255.28212 18.90983
258.50336 18.894833
261.72458 18.874836
264.9458 18.864838
268.16702 18.844841
271.25403 18.824844
274.34103 18.804848
277.42804 18.78985
280.38083 18.759855
283.46783 18.749857
286.82327 18.72986
290.04453 18.709864
293.26575 18.689867
296.35275 18.67487
299.57397 18.649874
302.66098 18.634876
305.61377 18.61488
308.70078 18.599882
311.922 18.574886
315.009 18.54989
318.096 18.534893
321.0488 18.519896
324.0016 18.4949
326.95438 18.479902
329.90717 18.459906
332.99417 18.43491
335.94696 18.414913
339.03397 18.399916
341.85254 18.384918
344.80533 18.359922
347.75815 18.344925
350.71094 18.334927
353.66373 18.324928
356.75073 18.30993
359.70352 18.304932
362.6563 18.289934
365.6091 18.274937
368.5619 18.269938
371.51468 18.25994
374.7359 18.244942
377.8229 18.234943
380.9099 18.219946
383.99692 18.214947
387.08392 18.19495
390.0367 18.18995
393.25793 18.174953
396.34494 18.159956
399.56616 18.149958
402.6532 18.13996
405.87442 18.129961
409.09564 18.114964
412.04843 18.099966
414.867 18.094967
417.8198 18.069971
420.9068 18.064972
423.8596 18.049974
426.9466 18.039976
430.0336 18.029978
433.1206 18.01498
436.34183 18.01498
439.42883 17.989985
442.51584 17.979986
445.46863 17.974987
448.55563 17.964989
451.64267 17.939993
454.59546 17.934994
457.68246 17.919996
460.76947 17.914997
463.9907 17.9
467.2119 17.890001
470.0305 17.885002
472.98328 17.865005
476.07028 17.855007
479.02307 17.850008
482.11008 17.830011
485.19708 17.820013
488.4183 17.805016
491.3711 17.800016
494.32388 17.785019
497.27667 17.77502
500.36368 17.765022
503.45068 17.755024
506.67194 17.740026
509.62473 17.730028
512.5775 17.71503
515.5303 17.705032
518.6173 17.680037
521.8385 17.680037
524.7913 17.66504
527.60986 17.65504
530.6969 17.645042
533.7839 17.635044
536.8709 17.615047
539.8237 17.610048
542.7765 17.59505
545.7293 17.59505
548.8163 17.570055
551.9033 17.570055
554.72186 17.550058
557.8089 17.530062
560.8959 17.525063
563.9829 17.510065
566.93567 17.500067
569.8885 17.490068
572.97546 17.48007
576.0625 17.470072
579.01526 17.460073
581.9681 17.445076
585.05505 17.440077
588.1421 17.42008
591.22906 17.410082
594.04767 17.400084
597.13464 17.390085
600.2217 17.370089
603.1745 17.36509
606.12726 17.355091
609.2143 17.345093
612.3013 17.325096
615.2541 17.325096
618.20685 17.310099
621.15967 17.3001
624.1124 17.280104
627.06525 17.270105
630.018 17.255108
633.23926 17.24011
636.0578 17.230112
639.0106 17.225113
642.2318 17.200117
645.0504 17.200117
648.1374 17.18512
651.2244 17.18512
