0.67108864 32.88282
3.6238787 30.542877
6.442451 28.488222
8.85837 26.743515
11.408507 25.16878
13.690208 23.779013
15.9719095 22.524223
17.985176 21.379416
19.864223 20.374584
21.87749 19.424744
23.488102 18.55489
25.367151 17.77502
27.246199 17.100134
28.722593 16.440245
30.198988 15.840315
31.8096 15.270302
33.285995 14.725289
34.628174 14.260279
36.10457 14.245278
37.446747 14.230278
38.92314 14.220278
40.1311 14.205277
41.33906 14.190277
42.681236 14.180277
44.023415 14.155276
45.365593 14.150276
46.841988 14.140276
48.049946 14.1202755
49.257908 14.105275
50.600082 14.090275
51.94226 14.075274
53.28444 14.060274
54.760834 14.050274
55.968792 14.045274
57.176754 14.030273
58.51893 14.015273
59.995323 13.995273
61.3375 13.985272
62.54546 13.970272
64.02186 13.955272
65.36404 13.940271
66.84043 13.925271
68.048386 13.910271
69.25635 13.910271
