0.13421772 12.320234
2.2817013 11.890224
4.429185 11.860224
6.7108865 11.810223
8.85837 11.785222
10.871636 11.745221
12.884902 11.70522
14.898168 11.68022
17.045652 11.6302185
19.193134 11.600218
21.474836 11.565217
23.62232 11.540216
25.635586 11.515216
27.78307 11.495215
29.796335 11.475215
31.8096 11.450214
33.82287 11.425214
35.701916 11.415214
37.715183 11.405213
39.728447 11.400213
41.607494 11.390213
43.62076 11.380213
45.768246 11.370213
47.91573 11.345212
50.063213 11.335212
52.210697 11.325212
54.35818 11.315211
56.63988 11.305211
58.787365 11.290211
60.93485 11.2802105
63.082333 11.27021
65.0956 11.26021
67.24308 11.26021
