0.13421772 19.244774
3.3554432 17.929995
6.3082333 17.825012
9.2610235 17.72003
12.213813 17.645042
15.300821 17.575054
18.25361 17.500067
21.340618 17.445076
24.159191 17.375088
27.11198 17.295101
30.064772 17.215115
33.017563 17.150126
35.970352 17.075138
38.92314 17.010149
41.741714 16.920164
44.560287 16.845177
47.513077 16.800184
50.33165 16.760191
53.28444 16.7052
56.103012 16.675205
58.92158 16.635212
61.874374 16.58522
64.69295 16.535229
67.64574 16.485237
70.46431 16.450243
73.551315 16.40525
76.36989 16.355259
79.18846 16.355259
