0.46976206 50.16151
5.7713623 46.585747
10.401874 43.46508
14.495515 40.719494
18.32072 38.298977
21.87749 36.133514
25.300041 34.178097
28.588377 32.41272
31.742493 30.82783
34.76239 29.363075
37.78229 28.063293
40.80219 26.858496
43.08389 25.753681
45.365593 24.738852
47.78151 23.784012
50.264538 22.89916
52.680458 22.0643
54.626614 21.304428
56.63988 21.239439
58.854473 21.189447
61.069065 21.134457
63.35077 21.089464
65.36404 21.074467
67.17597 21.04947
69.05502 21.019476
71.001175 20.99448
73.01444 20.984482
75.16193 20.964485
77.37652 20.93449
79.59111 20.919493
81.335945 20.899496
83.14788 20.869501
85.02693 20.869501
