0.4110418 28.97314
6.4634223 27.523384
12.375294 26.218603
16.930307 25.028803
21.644707 23.943985
26.49332 22.934155
30.775705 21.999311
34.856762 21.149454
39.208355 20.349588
42.62042 19.609713
46.43304 18.91483
50.43441 18.25994
53.670315 18.214947
57.308872 18.164955
61.335403 18.094967
64.61745 18.049974
68.188896 17.984985
72.0141 17.934994
75.14305 17.885002
78.423 17.825012
81.82458 17.770021
85.37506 17.710032
88.99474 17.650042
92.62072 17.585052
96.33058 17.54006
99.97124 17.48007
103.507034 17.42008
106.93797 17.370089
110.15291 17.310099
113.185394 17.255108
116.65408 17.215115
119.824974 17.175121
122.74001 17.12013
126.18144 17.075138
129.25377 17.040144
132.63438 17.015148
135.94788 16.990152
138.98036 16.970156
142.45953 16.955158
145.8003 16.925163
148.84746 16.905167
152.36858 16.89017
155.57303 16.870173
158.59712 16.835178
162.04694 16.815182
165.32898 16.795185
168.34888 16.76519
171.78192 16.750193
174.99475 16.725197
178.02094 16.700201
181.48962 16.675205
184.76749 16.675205
184.95622 16.680204
187.9824 16.640211
191.40077 16.640211
