0.5368709 28.97314
6.5766687 27.523384
12.213813 26.218603
16.642998 25.028803
21.206402 23.943985
25.904022 22.934155
30.064772 21.999311
33.957085 21.149454
38.117836 20.349588
41.473278 19.609713
45.097157 18.91483
48.98947 18.25994
52.210697 18.214947
55.700356 18.164955
59.59267 18.094967
62.813896 18.049974
66.16934 17.984985
69.92744 17.934994
72.880226 17.885002
76.10145 17.825012
79.456894 17.770021
82.81234 17.710032
86.302 17.650042
89.79166 17.585052
93.415535 17.54006
96.9052 17.48007
100.26064 17.42008
103.61609 17.370089
106.703094 17.310099
109.65588 17.255108
113.01133 17.215115
116.23255 17.175121
119.051125 17.12013
122.40657 17.075138
125.35936 17.040144
128.7148 17.015148
131.8018 16.990152
134.62038 16.970156
138.11005 16.955158
141.19705 16.925163
144.14984 16.905167
147.50528 16.89017
150.59229 16.870173
153.54507 16.835178
156.76631 16.815182
159.98753 16.795185
162.8061 16.76519
166.16154 16.750193
169.24855 16.725197
172.20134 16.700201
175.5568 16.675205
178.77802 16.675205
