0.38587597 28.97314
0.68367153 27.523384
0.97937 26.218603
1.2436111 25.033802
1.5036579 23.948984
1.7427334 22.934155
1.97342 22.00431
2.208301 21.149454
2.428502 20.359587
2.6403143 19.594715
2.7934065 18.91483
2.9905388 18.25994
3.189768 18.214947
3.3827062 18.18995
3.5798385 18.144958
3.7706792 18.099966
3.957326 18.054974
4.150264 18.01998
4.3432016 17.974987
4.5319457 17.924995
4.718592 17.885002
4.9031415 17.84001
5.0394564 17.805016
5.2344913 17.770021
5.421138 17.725029
5.6077843 17.685036
5.8007226 17.635044
5.985272 17.60005
6.165627 17.54506
6.360662 17.510065
6.541017 17.460073
6.719275 17.415081
6.916407 17.395084
7.103054 17.370089
7.2917976 17.345093
7.417627 17.330095
7.612662 17.3001
7.7888227 17.275105
7.9649835 17.260107
8.143241 17.235111
8.32779 17.220114
8.510242 17.190119
8.694792 17.18512
8.881438 17.155125
9.070183 17.12013
9.256829 17.105133
9.435087 17.080137
9.611248 17.06514
9.751757 17.030146
9.9279175 17.00515
10.101981 16.990152
10.284433 16.990152
10.462691 17.175121
10.643046 17.145126
10.825499 17.145126
