0.4026532 28.97314
0.67108864 27.523384
0.9395241 26.218603
1.2079595 25.033802
1.476395 23.948984
1.7448305 22.934155
2.0132658 22.00431
2.2817013 21.149454
2.415919 20.359587
2.6843545 19.594715
2.8185723 18.91483
2.95279 18.25994
3.2212255 18.214947
3.3554432 18.18995
3.6238787 18.144958
3.7580965 18.099966
4.0265317 18.054974
4.1607494 18.01998
4.429185 17.974987
4.5634027 17.924995
4.6976204 17.885002
4.966056 17.84001
5.1002736 17.805016
5.2344913 17.770021
5.502927 17.725029
5.6371446 17.685036
5.90558 17.635044
6.039798 17.60005
6.1740155 17.54506
6.442451 17.510065
6.5766687 17.460073
6.845104 17.415081
6.979322 17.395084
7.1135397 17.370089
7.381975 17.345093
7.516193 17.330095
7.6504107 17.3001
7.7846284 17.275105
8.053063 17.260107
8.187282 17.235111
8.455717 17.220114
8.589934 17.190119
8.724153 17.18512
8.992588 17.155125
9.126805 17.12013
9.2610235 17.105133
9.529459 17.080137
9.663676 17.06514
9.7978945 17.030146
10.06633 17.00515
10.200547 16.990152
10.334765 16.990152
