0.26843545 26.253597
5.7713623 25.658697
10.06633 25.078794
14.629732 24.51389
19.595789 23.998976
23.62232 23.484062
27.917288 23.004143
32.48069 22.53922
36.10457 22.084297
39.996883 21.65437
44.023415 21.22944
48.184166 20.824509
52.076477 20.439573
55.431923 20.064636
58.92158 19.699697
62.411243 19.349756
66.035126 19.009813
69.659004 18.984818
73.4171 18.954823
77.30941 18.924828
81.20173 18.899832
84.82561 18.874836
88.5837 18.839842
92.20758 18.809847
95.69724 18.774853
98.918465 18.739859
102.00547 18.719862
105.49513 18.689867
108.582146 18.664871
112.0718 18.654873
115.02459 18.649874
118.380035 18.624878
121.601265 18.61488
124.82249 18.604881
128.31215 18.599882
131.39915 18.584885
134.7546 18.574886
137.84161 18.564888
141.33127 18.55489
144.28406 18.539892
147.50528 18.529894
150.99495 18.519896
154.21617 18.509897
157.70583 18.484901
160.79283 18.484901
164.14828 18.469904
167.23529 18.459906
170.45651 18.449907
173.4093 18.439909
176.63052 18.419912
180.1202 18.409914
183.2072 18.404915
186.69685 18.394917
189.78387 18.36992
193.13931 18.359922
196.22632 18.349924
199.31332 18.334927
202.803 18.31993
205.89 18.31493
209.24544 18.299932
212.60088 18.294933
215.68788 18.279936
219.17755 18.269938
222.13034 18.25494
225.35156 18.244942
228.84123 18.229944
231.92824 18.219946
235.28368 18.204948
238.37068 18.19995
241.5919 18.184952
245.08157 18.174953
248.16858 18.164955
251.3898 18.154957
254.74525 18.13996
257.83224 18.129961
261.1877 18.119963
264.27472 18.114964
267.36172 18.089968
270.85138 18.084969
273.80417 18.069971
277.1596 18.054974
280.64926 18.049974
283.73627 18.039976
287.22595 18.024979
290.17874 18.01498
293.26575 17.999983
296.7554 17.999983
299.8424 17.979986
303.06363 17.95999
306.28485 17.95499
309.37186 17.944992
312.7273 17.924995
315.68008 17.924995
318.90134 17.909998
322.391 17.904999
325.6122 17.890001
330.3098 17.880003
334.06793 17.870005
338.22867 17.860006
342.38943 17.850008
345.74487 17.83501
349.36874 17.815014
352.58997 17.815014
356.21384 17.800016
359.4351 17.790018
362.79053 17.770021
366.5486 17.760023
369.76984 17.755024
373.3937 17.735027
376.61496 17.72003
380.37305 17.72003
384.13113 17.695034
387.6208 17.690035
391.2447 17.675037
394.60013 17.66504
398.224 17.650042
401.44522 17.645042
404.80066 17.630045
408.55878 17.620047
411.9142 17.60505
415.26965 17.60005
418.89352 17.590052
422.24896 17.570055
425.6044 17.560057
429.0941 17.550058
432.71796 17.53506
436.2076 17.530062
439.42883 17.515064
442.78427 17.505066
446.13974 17.490068
449.6294 17.48007
453.11905 17.470072
456.74292 17.460073
460.23257 17.450075
463.3196 17.430079
466.54083 17.415081
470.0305 17.410082
473.65436 17.395084
477.54666 17.395084
480.6337 17.370089
483.85492 17.36509
487.34457 17.355091
490.83423 17.340094
494.32388 17.330095
498.21622 17.325096
501.43744 17.3051
504.79288 17.295101
508.14832 17.280104
511.63797 17.275105
515.1276 17.260107
518.88574 17.250109
521.9727 17.235111
525.194 17.230112
528.54944 17.215115
531.90485 17.210115
535.39453 17.195118
538.74994 17.175121
542.7765 17.165123
545.8635 17.160124
549.21893 17.150126
552.5744 17.130129
556.19824 17.115131
559.82214 17.110132
563.44604 17.090136
566.533 17.085136
569.7543 17.070139
573.2439 17.06014
576.59937 17.040144
580.22327 17.040144
