0.26843545 24.698858
0.5368709 23.629038
0.8053064 22.654202
0.9395241 21.734356
1.2079595 20.894497
1.476395 20.119627
1.6106128 19.38975
1.8790482 18.719862
2.0132658 18.679869
2.2817013 18.629877
2.5501368 18.579885
2.6843545 18.539892
2.95279 18.514896
3.0870078 18.469904
3.3554432 18.419912
3.489661 18.384918
3.7580965 18.334927
4.0265317 18.299932
4.1607494 18.25994
4.429185 18.214947
4.5634027 18.169954
4.6976204 18.119963
4.966056 18.07997
5.1002736 18.044975
5.368709 17.994984
5.502927 17.944992
5.7713623 17.909998
5.90558 17.860006
6.039798 17.815014
6.3082333 17.78002
6.442451 17.725029
6.7108865 17.690035
6.845104 17.645042
7.1135397 17.59505
7.2477574 17.555058
7.516193 17.555058
