0.4026532 70.00117
6.979322 70.00117
13.287555 70.00117
19.595789 70.00117
26.038239 70.00117
32.48069 70.00117
38.92314 70.00117
45.097157 70.00117
52.076477 70.00117
58.787365 70.00117
64.96138 70.00117
71.40383 18.37992
75.56458 18.25994
77.9805 18.169954
79.59111 18.054974
81.20173 17.95499
82.946556 17.850008
84.69138 17.755024
86.43622 17.66004
87.91261 17.530062
89.523224 17.47507
91.133835 17.42008
92.87867 17.350092
94.355064 17.270105
95.965675 17.215115
97.7105 17.130129
99.1869 17.06514
100.797516 16.995152
102.27391 16.94016
103.750305 16.915165
105.49513 16.895168
106.97153 16.875172
108.71636 16.840178
110.19276 16.82018
111.80337 16.790186
113.145546 16.76519
114.75616 16.76519
