0.13421772 22.359251
0.4026532 20.314594
0.5368709 18.634876
0.67108864 17.215115
0.8053064 15.990318
1.0737418 14.920294
1.2079595 14.885293
1.3421773 14.860292
1.476395 14.815291
1.6106128 14.780291
1.7448305 14.74529
1.8790482 14.695289
2.0132658 14.670288
2.1474836 14.630287
2.2817013 14.6002865
2.5501368 14.560286
2.6843545 14.530285
2.8185723 14.495284
2.95279 14.4702835
3.0870078 14.4252825
3.2212255 14.380281
3.3554432 14.340281
3.489661 14.31028
3.6238787 14.275279
3.7580965 14.235278
3.8923142 14.200277
4.0265317 14.170277
4.1607494 14.135276
4.294967 14.090275
4.429185 14.050274
4.5634027 14.010273
4.6976204 13.980272
4.831838 13.960272
4.966056 13.910271
5.1002736 13.88027
5.2344913 13.845269
5.502927 13.8152685
5.6371446 13.765267
5.6371446 13.725266
5.90558 13.700266
6.039798 13.655265
6.1740155 13.620264
6.3082333 13.620264
