0.13421772 18.299932
0.26843545 16.7102
0.4026532 15.370304
0.5368709 14.210278
0.67108864 13.210255
0.8053064 13.140253
0.9395241 13.080252
1.0737418 13.030251
1.2079595 12.970249
1.3421773 12.905248
1.476395 12.845246
1.6106128 12.795245
1.7448305 12.740244
1.8790482 12.675242
2.0132658 12.610241
2.1474836 12.55524
2.2817013 12.495238
2.415919 12.450237
2.5501368 12.430237
2.6843545 12.395236
2.6843545 12.360235
2.8185723 12.325234
2.95279 12.300234
3.0870078 12.270233
3.2212255 12.230232
3.3554432 12.210232
3.489661 12.175231
3.6238787 12.14523
3.7580965 12.12523
3.8923142 12.090229
4.0265317 12.060228
4.1607494 12.025228
4.1607494 11.990227
4.294967 11.960226
4.429185 11.9352255
4.5634027 11.905225
4.6976204 11.865224
4.831838 11.840223
4.966056 11.810223
5.1002736 11.780222
5.2344913 11.745221
5.368709 11.71022
5.368709 11.68022
5.502927 11.640219
5.6371446 11.640219
