0.13421772 14.805291
3.2212255 14.535285
6.039798 14.285279
8.992588 14.280279
11.945377 14.265279
14.629732 14.255279
17.71674 14.240278
20.66953 14.230278
23.219667 14.210278
26.038239 14.175277
28.722593 14.155276
31.541166 14.125276
34.359737 14.110275
37.312527 14.090275
40.399536 14.070274
42.949673 14.040274
45.768246 14.030273
48.4526 14.020273
51.539608 14.015273
54.35818 14.000273
57.579407 13.985272
60.397976 13.975272
62.948116 13.960272
65.63247 13.9452715
68.18261 13.930271
71.1354 13.920271
73.68553 13.905271
76.504105 13.89027
79.054245 13.87527
81.738594 13.86527
84.82561 13.845269
87.64417 13.835269
90.731186 13.820269
93.28132 13.810268
96.09989 13.800268
98.78425 13.785268
101.468605 13.775268
104.55561 13.760267
106.83731 13.750267
109.65588 13.740267
112.47446 13.725266
115.02459 13.705266
117.84316 13.700266
120.661736 13.695266
123.614525 13.685266
126.29888 13.680265
128.7148 13.675265
131.39915 13.675265
