0.26843545 24.738852
4.429185 21.924324
8.187282 19.644707
11.542725 17.77502
14.629732 16.240278
17.448305 14.915294
19.864223 13.800268
22.145926 12.8102455
24.29341 12.745244
26.440893 12.660242
28.588377 12.58524
30.870077 12.515239
33.15178 12.440237
35.43348 12.380236
37.580963 12.340235
39.59423 12.295234
41.87593 12.235232
43.8892 12.185231
46.036682 12.14023
48.184166 12.090229
50.33165 12.045228
52.47913 11.985227
54.626614 11.9352255
56.63988 11.890224
58.51893 11.835223
60.800632 11.775222
62.813896 11.730221
64.82716 11.67522
66.84043 11.645219
68.987915 11.610218
71.001175 11.580217
73.01444 11.550217
75.02771 11.525216
76.90676 11.490215
79.054245 11.4552145
81.20173 11.425214
83.21499 11.425214
