0.26843545 15.495307
2.95279 14.875293
5.502927 14.30528
7.918846 13.7702675
10.200547 13.280256
12.6164665 12.825246
14.76395 12.780245
16.911434 12.745244
19.058918 12.700243
21.072184 12.670242
23.08545 12.625241
25.232933 12.605241
27.514635 12.5902405
29.796335 12.56524
32.078037 12.530239
34.359737 12.500238
36.64144 12.480238
38.92314 12.4602375
41.070625 12.430237
43.21811 12.405236
45.49981 12.380236
47.647293 12.350235
49.794777 12.325234
51.94226 12.300234
54.089745 12.280233
56.23723 12.250233
58.384712 12.220232
60.532196 12.200232
62.67968 12.1552305
64.82716 12.13523
67.108864 12.1102295
69.25635 12.080229
71.53805 12.055228
73.68553 12.030228
75.96723 12.010227
78.24893 11.975226
80.2622 11.940226
82.27547 11.910225
84.15452 11.880224
86.16778 11.855224
88.181046 11.830223
90.32853 11.820223
92.3418 11.8052225
94.48928 11.780222
96.77098 11.775222
99.1869 11.745221
101.33438 11.735221
103.34765 11.720221
105.360916 11.70022
107.37418 11.68522
109.52167 11.670219
111.66915 11.660219
113.95085 11.650219
115.8299 11.620218
117.84316 11.615218
119.85643 11.600218
122.003914 11.575217
124.1514 11.565217
126.4331 11.555217
128.31215 11.535216
130.32541 11.525216
132.33868 11.510216
134.48616 11.485215
136.63365 11.470215
138.64691 11.460215
140.66017 11.435214
142.67345 11.420214
144.6867 11.415214
146.96841 11.390213
148.84746 11.380213
150.86073 11.360212
152.73978 11.350212
154.88725 11.335212
157.16896 11.315211
159.048 11.305211
160.92706 11.305211
