0.4026532 36.38857
0.67108864 31.922646
0.9395241 28.413235
1.2079595 25.57871
1.476395 23.249102
1.7448305 21.279432
1.8790482 19.62971
2.0132658 18.214947
2.2817013 16.960157
2.2817013 15.875316
2.5501368 14.900293
2.6843545 14.045274
2.8185723 13.275256
2.95279 12.57524
3.0870078 12.540239
3.2212255 12.490238
3.3554432 12.445237
3.489661 12.380236
3.6238787 12.335235
3.7580965 12.305234
3.7580965 12.280233
3.8923142 12.265233
4.0265317 12.230232
4.1607494 12.205232
4.294967 12.190231
4.429185 12.165231
4.5634027 12.15023
4.6976204 12.12523
4.6976204 12.105229
4.831838 12.070229
4.966056 12.050228
5.1002736 12.035228
5.2344913 12.010227
5.368709 11.995227
5.502927 11.955226
5.6371446 11.930225
5.7713623 11.920225
5.90558 11.895225
6.039798 11.890224
6.1740155 11.845223
6.1740155 11.830223
6.3082333 11.800222
6.442451 11.775222
6.5766687 11.765222
6.7108865 11.740221
6.845104 11.70522
6.979322 11.68022
7.1135397 11.670219
7.2477574 11.645219
7.381975 11.645219
