0.4026532 70.00117
0.5368709 19.104797
0.5368709 18.43491
0.67108864 17.565056
0.8053064 16.89017
0.9395241 16.255276
1.0737418 15.685311
1.0737418 15.135299
1.2079595 14.610287
1.3421773 14.6002865
1.3421773 14.585286
1.476395 14.565286
1.6106128 14.555285
1.7448305 14.530285
1.7448305 14.520285
1.8790482 14.510284
2.0132658 14.485284
2.0132658 14.465283
2.1474836 14.455283
2.2817013 14.430283
2.2817013 14.405282
2.415919 14.390282
2.5501368 14.375281
2.6843545 14.355281
2.6843545 14.33028
2.8185723 14.31028
2.95279 14.2952795
2.95279 14.285279
3.0870078 14.265279
3.2212255 14.240278
3.3554432 14.225278
3.3554432 14.200277
3.489661 14.180277
3.6238787 14.160276
3.6238787 14.145276
3.7580965 14.130276
3.7580965 14.095275
3.8923142 14.065274
4.0265317 14.050274
4.0265317 14.035274
4.1607494 14.015273
4.294967 13.995273
4.429185 13.995273
