0.13421772 25.238768
4.5634027 24.188944
8.589934 23.184113
12.348031 22.289263
15.9719095 21.454403
19.327353 20.669535
22.682796 19.944656
25.904022 19.86467
29.125246 19.80468
32.48069 19.754688
35.836132 19.694698
38.92314 19.639708
42.278584 19.56972
45.49981 19.519728
48.58682 19.44974
51.808044 19.404747
55.163486 19.334759
58.384712 19.274769
61.471718 19.219778
64.69295 19.164787
67.91417 19.129793
71.1354 19.094799
74.222404 19.044807
77.17519 19.014812
80.396416 18.97482
83.617645 18.939825
86.83887 18.894833
89.92588 18.864838
93.012886 18.824844
95.965675 18.784851
99.05268 18.744858
102.139694 18.704865
105.360916 18.67487
108.582146 18.624878
111.80337 18.589884
115.02459 18.55489
118.24582 18.539892
121.332825 18.514896
124.554054 18.4899
127.64106 18.464905
130.72807 18.439909
133.81508 18.419912
136.90208 18.399916
139.98909 18.37992
143.21031 18.339926
146.29732 18.324928
149.38434 18.299932
152.60556 18.279936
155.69257 18.25994
158.91379 18.229944
162.0008 18.204948
165.22203 18.179953
168.30904 18.164955
171.53026 18.13496
174.75148 18.109964
177.83849 18.084969
180.65706 18.059973
183.47563 18.044975
186.42842 18.01998
189.51543 17.994984
192.60243 17.974987
195.68945 17.949991
198.77646 17.924995
201.99768 17.9
205.08469 17.875004
208.03748 17.855007
210.85605 17.830011
213.94305 17.800016
216.89584 17.77502
220.11708 17.750025
223.20409 17.730028
226.02266 17.710032
228.97545 17.685036
232.06245 17.66004
235.14946 17.635044
238.23647 17.620047
241.32347 17.59505
244.14204 17.575054
247.09483 17.54506
250.18184 17.515064
253.40308 17.495068
256.35587 17.47507
259.30865 17.460073
262.39566 17.42008
265.48267 17.405083
268.30124 17.380087
271.25403 17.36009
274.20682 17.340094
277.42804 17.310099
280.2466 17.290102
283.33362 17.260107
286.42062 17.24511
289.2392 17.225113
292.05777 17.190119
295.14478 17.190119
