0.4026532 32.74779
0.67108864 31.592701
0.9395241 30.52288
1.3421773 29.51305
1.6106128 28.578207
1.8790482 27.693356
2.1474836 26.858496
2.415919 26.073627
2.6843545 25.328753
2.95279 24.613873
3.2212255 23.963982
3.3554432 23.329088
3.6238787 22.72419
3.7580965 22.159285
4.0265317 21.614376
4.1607494 21.079466
4.429185 20.594547
4.6976204 20.124626
4.831838 19.654705
4.966056 19.224777
5.2344913 18.814846
5.368709 18.409914
5.502927 18.029978
5.6371446 17.66004
5.90558 17.295101
6.039798 16.955158
6.1740155 16.625214
6.3082333 16.315266
6.5766687 16.005318
6.7108865 15.705312
6.845104 15.420305
6.979322 15.150299
7.1135397 14.885293
7.381975 14.855292
7.516193 14.850292
7.6504107 14.835292
7.7846284 14.805291
7.918846 14.790291
8.053063 14.780291
8.187282 14.780291
8.321499 14.75029
8.589934 14.74029
8.724153 14.715289
8.85837 14.695289
8.992588 14.670288
9.126805 14.660288
9.2610235 14.650288
9.529459 14.630287
9.663676 14.615287
9.7978945 14.595286
9.932112 14.570286
10.06633 14.555285
10.200547 14.545285
10.468983 14.540285
10.603201 14.515285
10.737418 14.495284
10.871636 14.475284
11.005854 14.450283
11.140072 14.435283
11.274289 14.415282
11.542725 14.405282
11.676942 14.385282
11.81116 14.370281
11.945377 14.355281
12.079596 14.33528
12.213813 14.31528
12.348031 14.2952795
12.482248 14.2952795
12.6164665 14.260279
12.750684 14.250278
13.019119 14.230278
13.1533375 14.225278
13.287555 14.205277
13.421773 14.195277
13.55599 14.195277
