0.26843545 26.433567
0.5368709 25.6387
0.8053064 24.883827
1.0737418 24.183945
1.2079595 23.519056
1.476395 22.879164
1.7448305 22.284264
1.8790482 21.71436
2.1474836 21.17445
2.2817013 20.644539
2.5501368 20.154621
2.6843545 19.669703
2.95279 19.229776
3.0870078 18.78985
3.2212255 18.364922
3.489661 17.974987
3.6238787 17.615047
3.7580965 17.235111
3.8923142 16.875172
4.0265317 16.550226
4.294967 16.205284
4.429185 15.890316
4.5634027 15.6053095
4.6976204 15.295302
4.831838 15.025296
5.1002736 14.74529
5.1002736 14.480284
5.368709 14.225278
5.502927 14.210278
5.6371446 14.195277
5.7713623 14.175277
5.90558 14.170277
6.039798 14.160276
6.1740155 14.155276
6.3082333 14.145276
6.442451 14.140276
6.5766687 14.135276
6.845104 14.130276
6.979322 14.125276
7.1135397 14.115275
7.1135397 14.110275
7.381975 14.105275
7.516193 14.100275
7.6504107 14.100275
