0.26843545 24.778845
0.5368709 23.749018
0.67108864 22.794178
0.9395241 21.904327
1.0737418 21.074467
1.3421773 20.34459
1.476395 19.654705
1.6106128 19.62471
1.8790482 19.599714
2.0132658 19.579718
2.1474836 19.559721
2.415919 19.529726
2.5501368 19.499731
2.6843545 19.484734
2.95279 19.464737
3.0870078 19.434742
3.2212255 19.419744
3.489661 19.38975
3.6238787 19.364754
3.7580965 19.344757
4.0265317 19.32976
4.1607494 19.304764
4.294967 19.284767
4.5634027 19.249773
4.6976204 19.229776
4.966056 19.20978
5.1002736 19.189783
5.368709 19.174786
5.502927 19.14979
5.6371446 19.119795
5.90558 19.094799
6.039798 19.074802
6.3082333 19.059805
6.442451 19.03481
6.7108865 19.014812
6.845104 18.989817
7.1135397 18.949823
7.2477574 18.929827
7.381975 18.90983
7.6504107 18.894833
7.7846284 18.864838
8.053063 18.84984
8.187282 18.824844
8.455717 18.79485
8.589934 18.779852
8.85837 18.754856
8.992588 18.73486
9.126805 18.709864
9.395241 18.689867
9.529459 18.659872
9.7978945 18.639875
9.932112 18.624878
10.06633 18.589884
10.334765 18.574886
10.468983 18.55489
10.603201 18.539892
10.871636 18.509897
11.005854 18.479902
11.274289 18.459906
11.408507 18.43491
11.542725 18.419912
11.81116 18.37992
11.945377 18.364922
12.079596 18.334927
12.348031 18.31493
12.482248 18.284935
12.750684 18.269938
12.884902 18.244942
13.019119 18.219946
13.287555 18.19995
13.421773 18.174953
13.690208 18.144958
13.824426 18.129961
14.092861 18.104965
14.227079 18.084969
14.361297 18.059973
14.629732 18.044975
14.76395 18.01498
14.898168 17.999983
15.166603 17.974987
15.300821 17.95499
15.435039 17.939993
15.703474 17.909998
15.837692 17.895
15.9719095 17.865005
16.240345 17.84001
16.374563 17.810015
16.508781 17.785019
16.642998 17.77502
16.911434 17.750025
17.045652 17.725029
17.179869 17.695034
17.448305 17.680037
17.582521 17.65504
17.71674 17.635044
17.850958 17.620047
18.119392 17.59505
18.25361 17.59505
