0.26843545 27.06846
0.5368709 25.778677
0.8053064 24.608873
0.9395241 23.539053
1.2079595 22.54922
1.476395 21.634373
1.6106128 20.809511
1.8790482 20.04464
2.0132658 19.344757
2.1474836 18.679869
2.415919 18.654873
2.5501368 18.624878
2.6843545 18.599882
2.8185723 18.579885
3.0870078 18.564888
3.2212255 18.529894
3.3554432 18.504898
3.6238787 18.479902
3.7580965 18.459906
3.8923142 18.439909
4.1607494 18.414913
4.294967 18.394917
4.429185 18.354923
4.6976204 18.339926
4.831838 18.31993
5.1002736 18.299932
5.2344913 18.274937
5.368709 18.24994
5.6371446 18.224945
5.7713623 18.204948
5.90558 18.184952
6.1740155 18.154957
6.3082333 18.13996
6.442451 18.104965
6.7108865 18.084969
6.845104 18.059973
7.1135397 18.034977
7.2477574 18.01998
7.381975 17.999983
7.516193 17.974987
7.7846284 17.944992
7.918846 17.919996
8.053063 17.9
8.321499 17.875004
8.455717 17.855007
8.589934 17.825012
8.85837 17.805016
8.992588 17.785019
9.2610235 17.760023
9.395241 17.740026
9.529459 17.705032
9.7978945 17.690035
9.932112 17.66504
10.06633 17.650042
10.334765 17.625046
10.468983 17.590052
10.603201 17.565056
10.871636 17.54506
11.005854 17.530062
11.140072 17.500067
11.274289 17.48007
11.542725 17.455074
11.676942 17.42008
11.81116 17.405083
12.079596 17.375088
12.213813 17.355091
12.348031 17.335094
12.482248 17.310099
12.750684 17.285103
12.884902 17.255108
13.019119 17.235111
13.287555 17.210115
13.421773 17.200117
13.55599 17.200117
