0.13421772 15.255301
2.8185723 14.705289
5.502927 14.200277
8.053063 14.175277
10.603201 14.145276
13.019119 14.1202755
15.300821 14.090275
17.71674 14.055274
20.13266 14.030273
22.682796 14.000273
25.232933 13.965272
27.78307 13.940271
29.930553 13.905271
32.212254 13.87027
34.628174 13.840269
37.17831 13.8152685
39.728447 13.7702675
42.010147 13.755267
44.426067 13.720266
46.841988 13.685266
49.257908 13.655265
51.539608 13.630264
53.82131 13.620264
56.371445 13.605264
58.787365 13.590263
61.069065 13.560263
63.35077 13.550262
65.766685 13.530262
68.316826 13.515262
70.598526 13.505261
73.01444 13.490261
75.56458 13.490261
