0.26843545 42.509876
0.5368709 38.754074
0.67108864 35.608402
0.8053064 32.912827
1.0737418 30.562874
1.2079595 28.538214
1.3421773 26.748514
1.476395 25.16878
1.6106128 23.744019
1.7448305 22.474232
1.8790482 21.319426
2.0132658 20.289598
2.1474836 19.339758
2.2817013 18.479902
2.2817013 17.690035
2.415919 16.94516
2.5501368 16.265274
2.6843545 15.63531
2.6843545 15.065297
2.8185723 14.540285
2.95279 14.050274
3.0870078 14.020273
3.0870078 14.000273
3.2212255 13.975272
3.3554432 13.955272
3.3554432 13.940271
3.489661 13.920271
3.6238787 13.920271
