0.13421772 13.130253
0.26843545 12.665242
0.4026532 12.210232
0.5368709 12.195231
0.67108864 12.165231
0.8053064 12.14523
0.9395241 12.12523
1.0737418 12.11523
1.2079595 12.105229
1.3421773 12.095229
1.476395 12.085229
1.6106128 12.080229
1.7448305 12.075229
1.8790482 12.060228
2.0132658 12.040228
2.0132658 12.030228
2.1474836 12.020227
2.2817013 12.015227
2.415919 12.010227
2.5501368 12.000227
2.6843545 11.995227
2.8185723 11.985227
2.95279 11.965226
3.0870078 11.960226
3.2212255 11.950226
3.3554432 11.945226
3.489661 11.9352255
3.489661 11.925225
3.6238787 11.900225
3.7580965 11.890224
3.8923142 11.885224
4.0265317 11.875224
4.1607494 11.865224
4.294967 11.855224
4.429185 11.845223
4.5634027 11.830223
4.6976204 11.810223
4.831838 11.795222
4.831838 11.785222
4.966056 11.775222
5.1002736 11.7602215
5.2344913 11.740221
5.368709 11.730221
5.502927 11.71022
5.6371446 11.70022
5.7713623 11.69022
5.90558 11.68022
5.90558 11.670219
6.039798 11.670219
