0.13421772 20.379583
0.4026532 19.0898
0.5368709 17.939993
0.67108864 16.915165
0.9395241 16.005318
1.0737418 15.1703
1.2079595 15.115298
1.3421773 15.065297
1.476395 15.020296
1.6106128 14.960295
1.7448305 14.910294
1.8790482 14.845292
2.0132658 14.825292
2.1474836 14.795291
2.415919 14.75529
2.415919 14.74529
2.6843545 14.715289
2.8185723 14.690289
2.95279 14.655288
3.0870078 14.635287
3.2212255 14.605287
3.3554432 14.580286
3.489661 14.550285
3.6238787 14.515285
3.7580965 14.500284
3.8923142 14.475284
4.0265317 14.445283
4.1607494 14.405282
4.294967 14.385282
4.429185 14.355281
4.6976204 14.33528
4.6976204 14.31028
4.966056 14.280279
5.1002736 14.240278
5.2344913 14.225278
5.368709 14.205277
5.502927 14.165277
5.6371446 14.135276
5.7713623 14.110275
5.90558 14.090275
6.039798 14.055274
6.1740155 14.040274
6.442451 14.010273
6.5766687 13.970272
6.7108865 13.950272
6.845104 13.935271
6.979322 13.88527
7.1135397 13.86027
7.2477574 13.845269
7.381975 13.810268
7.516193 13.785268
7.6504107 13.755267
7.7846284 13.730267
8.053063 13.700266
8.187282 13.685266
8.321499 13.645265
8.455717 13.620264
8.589934 13.620264
