0.13421772 16.400251
2.95279 16.1053
5.90558 15.800314
8.589934 15.525308
11.274289 15.235301
13.824426 14.980295
16.374563 14.955295
18.9247 14.935294
21.474836 14.900293
24.024973 14.880293
26.843546 14.845292
29.393682 14.835292
31.943819 14.815291
34.628174 14.800291
37.312527 14.77029
39.996883 14.74529
42.681236 14.730289
45.365593 14.700289
47.78151 14.680288
50.19743 14.660288
52.747566 14.6452875
55.163486 14.620287
57.713623 14.595286
60.532196 14.565286
63.21655 14.545285
65.766685 14.520285
68.18261 14.500284
70.598526 14.475284
73.01444 14.465283
75.6988 14.445283
78.383156 14.420282
81.067505 14.410282
83.34921 14.385282
85.76513 14.360281
88.31526 14.340281
90.8654 14.32528
93.415535 14.32028
95.83146 14.31528
98.247375 14.2952795
100.797516 14.280279
103.34765 14.265279
105.89779 14.255279
108.313705 14.250278
110.72962 14.245278
113.27976 14.235278
115.8299 14.235278
118.380035 14.230278
120.79595 14.225278
123.34609 14.210278
125.76201 14.190277
128.44637 14.165277
130.86229 14.160276
133.2782 14.160276
135.82834 14.150276
138.5127 14.145276
140.7944 14.140276
143.21031 14.130276
145.76045 14.125276
148.44481 14.1202755
150.86073 14.110275
153.27664 14.105275
155.82678 14.095275
158.37692 14.080275
160.79283 14.050274
163.20876 14.030273
165.89311 14.025273
168.30904 14.020273
170.72495 14.015273
173.14087 13.995273
175.69101 13.985272
177.9727 13.980272
180.38863 13.960272
183.07298 13.9452715
185.4889 13.9452715
187.90482 13.935271
190.45496 13.925271
193.0051 13.905271
195.28679 13.89527
197.83693 13.89527
