0.13421772 18.029978
0.26843545 16.965157
0.5368709 16.030313
0.67108864 15.1753
0.8053064 15.140299
0.9395241 15.090298
1.0737418 15.040297
1.2079595 14.990295
1.3421773 14.930294
1.476395 14.885293
1.6106128 14.835292
1.7448305 14.795291
2.0132658 14.73529
2.0132658 14.680288
2.2817013 14.635287
2.415919 14.575286
2.5501368 14.530285
2.6843545 14.4702835
2.8185723 14.420282
2.95279 14.365281
3.0870078 14.32028
3.2212255 14.31028
3.3554432 14.290279
3.489661 14.250278
3.6238787 14.235278
3.7580965 14.190277
3.8923142 14.165277
4.0265317 14.140276
4.1607494 14.110275
4.294967 14.090275
4.429185 14.045274
4.5634027 14.025273
4.6976204 14.010273
4.831838 13.965272
4.966056 13.965272
