0.13421772 23.714024
0.4026532 22.864166
0.5368709 22.789179
0.67108864 22.739187
0.8053064 22.674198
0.9395241 22.60921
1.0737418 22.54422
1.2079595 22.48923
1.3421773 22.42424
1.476395 22.349253
1.6106128 22.284264
1.7448305 22.214275
1.8790482 22.149286
2.0132658 22.074299
2.1474836 22.024307
2.2817013 21.959318
2.415919 21.914326
2.5501368 21.879332
2.6843545 21.839338
2.95279 21.809343
3.0870078 21.789347
3.2212255 21.749353
3.3554432 21.719358
3.489661 21.679365
3.6238787 21.644371
3.7580965 21.619375
3.8923142 21.579382
4.0265317 21.539389
4.1607494 21.504395
4.294967 21.504395
