0.67108864 70.00117
1.476395 70.00117
2.1474836 70.00117
2.5501368 70.00117
3.0870078 70.00117
3.6238787 70.00117
3.8923142 19.764687
4.0265317 18.509897
4.1607494 17.42508
4.429185 16.430246
4.5634027 15.550308
4.6976204 14.76529
4.831838 14.73529
4.966056 14.670288
5.1002736 14.6452875
5.2344913 14.585286
5.502927 14.545285
5.502927 14.505284
5.6371446 14.455283
5.90558 14.415282
6.039798 14.365281
6.1740155 14.32028
6.3082333 14.270279
6.442451 14.230278
6.5766687 14.175277
6.7108865 14.125276
6.845104 14.085275
6.979322 14.040274
7.1135397 13.985272
7.2477574 13.930271
7.516193 13.88527
7.516193 13.840269
7.6504107 13.785268
7.7846284 13.745267
7.918846 13.685266
8.187282 13.635264
8.321499 13.615264
8.455717 13.580263
8.589934 13.555263
8.724153 13.525262
8.85837 13.500261
8.992588 13.470261
9.126805 13.45526
9.2610235 13.415259
9.395241 13.390259
9.529459 13.390259
