0.13421772 16.075306
0.26843545 15.375304
0.4026532 14.730289
0.5368709 14.150276
0.67108864 13.590263
0.8053064 13.090252
0.9395241 12.600241
1.0737418 12.165231
1.2079595 12.14523
1.3421773 12.11523
1.476395 12.080229
1.6106128 12.070229
1.7448305 12.045228
1.8790482 12.020227
2.0132658 12.005227
2.0132658 11.9802265
2.1474836 11.960226
2.2817013 11.9352255
2.415919 11.910225
2.5501368 11.885224
2.6843545 11.860224
2.8185723 11.835223
2.95279 11.820223
2.95279 11.780222
3.0870078 11.765222
3.2212255 11.735221
3.3554432 11.70522
3.489661 11.68022
3.6238787 11.655219
3.7580965 11.640219
3.8923142 11.6302185
3.8923142 11.625218
4.0265317 11.615218
4.1607494 11.605218
4.294967 11.595218
4.429185 11.590218
4.5634027 11.580217
4.6976204 11.570217
4.831838 11.560217
4.831838 11.540216
4.966056 11.530216
5.1002736 11.520216
5.2344913 11.510216
5.368709 11.500216
5.502927 11.490215
5.6371446 11.475215
5.7713623 11.460215
5.90558 11.450214
6.039798 11.440214
6.039798 11.420214
6.1740155 11.405213
6.3082333 11.390213
6.442451 11.390213
