0.13421772 21.344421
5.502927 20.57455
11.140072 20.499563
15.837692 20.479567
20.266876 19.674702
24.427626 18.96982
26.709328 18.299932
29.393682 18.219946
32.346474 18.159956
34.493958 18.084969
36.238785 18.01498
38.117836 17.934994
39.728447 17.880003
41.33906 17.830011
43.08389 17.785019
44.694504 17.740026
46.1709 17.710032
47.78151 17.66004
49.392124 17.615047
51.136955 17.580053
52.61335 17.53506
54.22396 17.510065
55.834576 17.445076
57.445187 17.430079
59.0558 17.415081
60.532196 17.405083
62.277027 17.390085
63.75342 17.375088
65.36404 17.355091
66.97465 17.330095
68.45104 17.310099
70.06165 17.270105
71.672264 17.24011
73.14866 17.235111
74.75928 17.215115
76.36989 17.195118
77.84628 17.175121
79.456894 17.170122
81.20173 17.140127
82.67812 17.135128
84.288734 17.115131
85.76513 17.090136
87.24152 17.085136
88.852135 17.06014
90.32853 17.035145
91.93914 17.035145
