0.13421772 17.080137
3.0870078 15.805314
5.7713623 14.685288
8.321499 14.595286
10.871636 14.495284
13.287555 14.405282
15.703474 14.345281
17.985176 14.280279
20.401094 14.210278
22.682796 14.185277
25.098715 14.135276
27.514635 14.100275
30.064772 14.065274
32.614906 14.030273
35.299263 13.9902725
37.446747 13.950272
39.862667 13.925271
42.278584 13.88027
44.694504 13.840269
47.110424 13.805268
49.52634 13.7702675
51.808044 13.735267
54.22396 13.690266
56.63988 13.665265
59.190018 13.615264
61.471718 13.615264
