0.4026532 42.819942
4.429185 41.434647
8.187282 40.13937
11.81116 38.91411
15.435039 37.75386
18.9247 36.648624
22.280144 35.618404
25.501368 34.638195
28.722593 33.718
31.8096 32.83281
34.76239 31.987635
37.580963 31.192768
40.667973 30.447893
43.486546 29.713017
46.305115 29.053127
48.98947 28.413235
51.539608 27.803337
53.95553 27.208437
56.505665 26.65353
59.0558 26.12362
61.3375 25.603706
63.484985 25.113789
65.9009 24.63387
67.91417 24.178946
70.19587 23.73402
72.34335 23.31909
74.35662 22.909159
76.23567 22.509226
78.24893 22.12429
80.2622 21.734356
82.27547 21.734356
