0.67108864 70.00117
1.476395 70.00117
2.2817013 70.00117
2.8185723 70.00117
3.489661 70.00117
4.0265317 70.00117
4.831838 70.00117
5.6371446 70.00117
6.442451 70.00117
7.2477574 70.00117
7.7846284 70.00117
8.053063 22.814175
8.321499 22.349253
8.589934 21.904327
8.85837 21.464401
8.992588 21.05947
9.2610235 20.659536
9.529459 20.2796
9.663676 19.899664
9.932112 19.539724
10.200547 19.189783
10.334765 18.844841
10.603201 18.834843
10.737418 18.79485
11.005854 18.78985
11.140072 18.769854
11.408507 18.749857
11.676942 18.73486
11.81116 18.714863
12.079596 18.699865
12.213813 18.67487
12.482248 18.659872
12.750684 18.644875
12.884902 18.624878
13.1533375 18.594883
13.287555 18.589884
13.421773 18.564888
13.690208 18.544891
13.958644 18.524895
14.092861 18.499899
14.227079 18.4899
14.495515 18.469904
14.629732 18.444908
14.898168 18.419912
15.032386 18.414913
15.166603 18.384918
15.435039 18.359922
15.569257 18.329927
15.837692 18.31493
15.9719095 18.304932
16.240345 18.274937
16.374563 18.269938
16.642998 18.244942
16.777216 18.214947
17.045652 18.204948
17.179869 18.174953
17.448305 18.159956
17.71674 18.13496
17.850958 18.119963
18.119392 18.089968
18.25361 18.084969
18.387829 18.064972
18.656263 18.054974
18.790482 18.049974
18.9247 18.044975
19.193134 18.029978
19.327353 18.024979
19.595789 18.01498
19.730005 18.004982
19.998442 17.999983
20.13266 17.979986
20.401094 17.969988
20.535313 17.95999
20.803747 17.95499
20.937965 17.949991
21.206402 17.939993
21.340618 17.934994
21.609055 17.924995
21.743273 17.904999
22.011707 17.895
22.145926 17.890001
22.41436 17.885002
22.548578 17.870005
22.682796 17.865005
22.951231 17.850008
23.08545 17.845009
23.353884 17.83501
23.488102 17.830011
23.756538 17.810015
23.890755 17.805016
24.159191 17.790018
24.29341 17.78002
24.561844 17.77502
24.696062 17.760023
24.964497 17.735027
25.232933 17.725029
25.367151 17.71503
25.501368 17.710032
25.769804 17.700033
25.904022 17.695034
26.038239 17.685036
26.306675 17.680037
26.440893 17.66504
26.709328 17.66504
26.843546 17.65504
26.977764 17.65504
