0.13421772 25.728685
2.6843545 24.778845
4.966056 23.903992
7.381975 23.129122
9.529459 22.339254
11.945377 21.629374
14.227079 20.919493
16.240345 20.319593
18.25361 19.709696
20.401094 19.14979
22.280144 18.599882
24.29341 18.114964
26.038239 17.640043
27.917288 17.190119
29.662117 16.760191
31.27273 16.370256
33.017563 15.990318
34.493958 15.61031
36.238785 15.245301
39.728447 14.920294
41.87593 14.6002865
45.768246 14.2952795
47.91573 13.9902725
51.673824 13.710266
55.431923 13.44026
58.116276 13.180254
62.277027 12.9402485
63.887638 12.710243
65.22981 12.4602375
66.57199 12.240232
69.52478 12.030228
71.80649 11.810223
75.6988 11.605218
77.71207 11.400213
81.47016 11.400213
85.76513 11.400213
89.523224 11.400213
93.683975 11.400213
97.30785 11.400213
101.73704 11.400213
105.360916 11.400213
109.65588 11.400213
113.41398 11.400213
117.70895 11.400213
121.19861 11.400213
