0.13421772 21.934322
3.7580965 21.099463
6.979322 20.33459
10.334765 19.634708
13.690208 18.96982
16.911434 18.944824
19.998442 18.924828
23.08545 18.894833
26.172457 18.879835
29.125246 18.85484
32.212254 18.829844
35.43348 18.809847
38.38627 18.784851
41.33906 18.769854
44.560287 18.739859
47.513077 18.714863
50.465866 18.699865
53.68709 18.659872
56.774097 18.649874
59.861107 18.624878
62.813896 18.599882
65.766685 18.574886
68.987915 18.54989
71.940704 18.529894
74.89349 18.499899
77.84628 18.479902
80.93329 18.469904
84.020294 18.444908
86.97309 18.42991
90.0601 18.389917
93.012886 18.36992
96.09989 18.354923
99.1869 18.31993
102.27391 18.31493
105.2267 18.279936
108.313705 18.25994
111.13228 18.234943
114.35351 18.209948
117.44051 18.19995
120.52752 18.164955
123.48031 18.13996
126.567314 18.119963
129.65433 18.099966
132.60712 18.07497
135.5599 18.049974
138.37848 18.029978
141.46548 17.999983
144.41827 17.979986
147.50528 17.964989
150.45807 17.939993
153.27664 17.914997
156.22943 17.895
159.31644 17.870005
162.40346 17.84001
165.35625 17.820013
168.30904 17.800016
171.26183 17.78002
174.21461 17.750025
177.1674 17.735027
180.1202 17.710032
183.07298 17.690035
186.02577 17.66004
188.97856 17.645042
191.93135 17.615047
194.6157 17.59505
197.70271 17.565056
200.6555 17.550058
203.60829 17.525063
206.6953 17.500067
209.64809 17.47507
212.46666 17.450075
215.28523 17.435078
218.37224 17.410082
221.45924 17.385086
224.41205 17.370089
227.2306 17.340094
230.18341 17.320097
233.27042 17.295101
236.2232 17.270105
239.04178 17.24511
241.86035 17.225113
244.94736 17.210115
247.90015 17.18012
250.85294 17.155125
253.67151 17.135128
256.35587 17.115131
259.30865 17.090136
262.52988 17.06514
265.48267 17.045143
268.30124 17.025146
271.25403 16.995152
274.0726 16.980154
276.89117 16.94516
279.70975 16.915165
282.66254 16.900167
285.74954 16.88517
288.70233 16.870173
291.65512 16.835178
294.4737 16.805183
297.29227 16.790186
300.24506 16.790186
