0.26843545 18.479902
0.4026532 17.405083
0.5368709 16.440245
0.67108864 15.590309
0.9395241 15.525308
1.0737418 15.465306
1.2079595 15.400305
1.3421773 15.350304
1.476395 15.305303
1.6106128 15.230301
1.7448305 15.1953
1.8790482 15.135299
2.1474836 15.090298
2.2817013 15.045297
2.415919 15.020296
2.5501368 14.995296
2.6843545 14.970295
2.8185723 14.940294
2.95279 14.910294
3.0870078 14.875293
3.2212255 14.855292
3.3554432 14.835292
3.6238787 14.805291
3.6238787 14.7752905
3.8923142 14.75029
4.0265317 14.725289
4.1607494 14.695289
4.294967 14.660288
4.429185 14.630287
4.5634027 14.615287
4.6976204 14.585286
4.831838 14.555285
4.966056 14.530285
5.1002736 14.500284
5.2344913 14.485284
5.368709 14.450283
5.502927 14.4252825
5.6371446 14.390282
5.90558 14.360281
6.039798 14.350281
6.1740155 14.31028
6.3082333 14.275279
6.442451 14.260279
6.5766687 14.230278
6.7108865 14.205277
6.845104 14.175277
6.979322 14.140276
7.1135397 14.130276
7.2477574 14.090275
7.381975 14.075274
7.516193 14.040274
7.6504107 14.040274
