0.13421772 16.495235
2.8185723 15.120298
5.502927 13.940271
7.918846 12.930248
10.334765 12.065228
12.213813 12.015227
14.495515 11.985227
16.508781 11.930225
18.522047 11.875224
20.66953 11.840223
22.682796 11.790222
24.83028 11.745221
26.843546 11.68022
28.99103 11.640219
31.138514 11.590218
33.15178 11.540216
35.030827 11.480215
36.909874 11.435214
38.92314 11.385213
41.070625 11.325212
43.21811 11.26521
45.231373 11.220209
47.24464 11.165208
49.123688 11.110207
51.002735 11.070206
52.747566 11.045205
54.626614 11.030205
56.505665 10.995204
58.384712 10.995204
