0.67108864 70.00117
1.2079595 70.00117
1.8790482 70.00117
2.1474836 20.799513
2.2817013 20.034641
2.5501368 19.319761
2.6843545 18.644875
2.95279 18.589884
3.0870078 18.524895
3.3554432 18.479902
3.489661 18.444908
3.6238787 18.399916
3.8923142 18.36992
4.0265317 18.324928
4.294967 18.299932
4.429185 18.24994
4.5634027 18.224945
4.831838 18.19495
4.966056 18.159956
5.2344913 18.119963
5.368709 18.07997
5.502927 18.054974
5.6371446 18.01498
5.90558 17.979986
6.039798 17.939993
6.3082333 17.9
6.442451 17.870005
6.5766687 17.830011
6.7108865 17.800016
6.845104 17.750025
7.1135397 17.71503
7.2477574 17.675037
7.381975 17.645042
7.516193 17.60505
7.7846284 17.565056
7.918846 17.525063
8.053063 17.48507
8.187282 17.445076
8.455717 17.415081
8.589934 17.380087
8.724153 17.325096
8.85837 17.295101
9.126805 17.250109
9.2610235 17.205116
9.395241 17.170122
9.663676 17.12013
9.7978945 17.075138
9.932112 17.045143
10.200547 17.00515
10.334765 16.965157
10.468983 16.925163
10.603201 16.88017
10.871636 16.860174
11.005854 16.845177
11.140072 16.845177
