0.26843545 33.382927
0.5368709 30.597868
0.8053064 28.233265
1.2079595 26.188608
1.3421773 24.418905
1.6106128 22.854168
1.7448305 21.4694
2.0132658 20.239607
2.1474836 19.134792
2.415919 18.13996
2.5501368 18.07497
2.6843545 18.01498
2.95279 17.95499
3.0870078 17.885002
3.2212255 17.84001
3.489661 17.765022
3.6238787 17.700033
3.7580965 17.635044
4.0265317 17.570055
4.1607494 17.505066
4.294967 17.440077
4.5634027 17.385086
4.6976204 17.320097
4.831838 17.285103
4.966056 17.255108
5.2344913 17.255108
