0.13421772 22.41924
4.1607494 20.799513
7.918846 19.38475
11.005854 18.13996
14.227079 17.050142
17.448305 16.080305
20.13266 15.1903
22.817015 14.400282
25.501368 14.350281
28.051506 14.290279
30.735859 14.255279
33.285995 14.205277
35.836132 14.170277
38.117836 14.135276
40.533752 14.095275
42.949673 14.065274
45.365593 14.025273
47.91573 13.9902725
50.33165 13.950272
52.881786 13.910271
55.297703 13.86027
57.579407 13.8152685
60.129543 13.775268
62.67968 13.735267
65.0956 13.705266
67.3773 13.685266
69.79322 13.670265
72.20914 13.650265
74.62505 13.630264
76.90676 13.610264
79.32268 13.5952635
81.87281 13.575263
84.020294 13.555263
86.43622 13.535262
88.98635 13.510262
91.402275 13.510262
