0.67108864 70.00117
1.3421773 70.00117
2.0132658 70.00117
2.8185723 70.00117
3.6238787 70.00117
4.1607494 70.00117
4.6976204 70.00117
5.2344913 70.00117
5.90558 70.00117
6.442451 70.00117
6.5766687 12.740244
6.7108865 12.710243
6.845104 12.695243
6.979322 12.665242
7.1135397 12.630241
7.2477574 12.615241
7.381975 12.5902405
7.516193 12.55524
7.6504107 12.530239
7.7846284 12.500238
7.918846 12.480238
7.918846 12.455237
8.053063 12.435237
8.187282 12.405236
8.321499 12.385236
8.455717 12.340235
8.589934 12.320234
8.724153 12.295234
8.85837 12.270233
8.992588 12.250233
9.126805 12.225232
9.2610235 12.200232
9.395241 12.175231
9.529459 12.13023
9.663676 12.105229
9.7978945 12.085229
9.932112 12.050228
10.06633 12.025228
10.06633 12.000227
10.200547 11.975226
10.334765 11.940226
10.468983 11.915225
10.603201 11.905225
10.737418 11.890224
10.871636 11.865224
11.005854 11.855224
11.140072 11.845223
11.140072 11.835223
11.274289 11.815223
11.408507 11.8052225
11.542725 11.790222
11.676942 11.780222
11.81116 11.770222
11.945377 11.7602215
12.079596 11.735221
12.213813 11.735221
