0.5368709 70.00117
0.67108864 21.544388
0.8053064 21.019476
0.9395241 20.449572
1.0737418 19.889666
1.2079595 19.439741
1.3421773 18.984818
1.476395 18.4949
1.6106128 18.069971
1.7448305 17.635044
1.8790482 17.260107
2.0132658 16.870173
2.1474836 16.535229
2.2817013 16.150293
2.415919 15.835315
2.415919 15.530308
2.5501368 15.245301
2.6843545 14.915294
2.8185723 14.650288
2.8185723 14.340281
2.95279 14.140276
3.0870078 13.910271
3.2212255 13.650265
3.2212255 13.385259
3.3554432 13.385259
3.489661 13.380259
3.6238787 13.365258
3.8923142 13.365258
