0.13421772 13.480261
0.26843545 13.235255
0.4026532 12.980249
0.5368709 12.740244
0.67108864 12.530239
0.8053064 12.310234
0.9395241 12.300234
1.0737418 12.270233
1.2079595 12.270233
1.3421773 12.255233
1.476395 12.245233
1.6106128 12.230232
1.7448305 12.220232
1.7448305 12.195231
1.8790482 12.180231
2.0132658 12.175231
2.1474836 12.1552305
2.2817013 12.14023
2.415919 12.12023
2.5501368 12.11523
2.6843545 12.085229
2.8185723 12.075229
2.95279 12.070229
2.95279 12.060228
3.0870078 12.040228
3.2212255 12.030228
3.3554432 12.010227
3.489661 11.995227
3.6238787 11.990227
3.7580965 11.975226
3.8923142 11.960226
4.0265317 11.940226
4.1607494 11.930225
4.294967 11.910225
4.429185 11.885224
4.429185 11.875224
4.5634027 11.865224
4.6976204 11.850224
4.831838 11.830223
4.966056 11.825223
5.1002736 11.8052225
5.2344913 11.790222
5.368709 11.780222
5.368709 11.765222
5.502927 11.750221
5.6371446 11.735221
5.7713623 11.735221
5.90558 11.720221
6.039798 11.71022
6.1740155 11.70022
6.3082333 11.69522
6.3082333 11.670219
6.442451 11.670219
6.5766687 11.660219
6.7108865 11.645219
6.845104 11.645219
6.979322 11.640219
7.1135397 11.640219
7.2477574 11.640219
