0.26843545 20.2846
5.7713623 18.73486
9.126805 17.435078
12.213813 16.29027
14.898168 15.285302
17.582521 14.400282
19.998442 13.615264
22.280144 12.905248
24.427626 12.860247
26.57511 12.825246
28.722593 12.800245
30.870077 12.750244
33.285995 12.720243
35.43348 12.675242
37.312527 12.640242
39.59423 12.605241
41.741714 12.56024
44.023415 12.530239
46.305115 12.480238
48.318382 12.440237
50.600082 12.410236
53.016003 12.355235
55.163486 12.320234
57.042534 12.275233
59.324234 12.240232
61.471718 12.200232
63.484985 12.1552305
65.63247 12.11523
67.91417 12.065228
69.92744 12.030228
72.07492 11.985227
74.08819 11.940226
76.36989 11.920225
78.51737 11.885224
80.53064 11.870224
82.67812 11.845223
84.69138 11.820223
86.570435 11.800222
88.852135 11.780222
91.133835 11.755221
93.28132 11.720221
95.294586 11.70522
97.30785 11.68522
99.32112 11.665219
101.200165 11.635219
103.34765 11.615218
105.62935 11.590218
107.77683 11.570217
109.92432 11.550217
111.937584 11.520216
114.08507 11.490215
116.098335 11.465215
117.97739 11.465215
