0.4026532 35.098293
6.442451 31.977636
11.81116 29.343079
16.911434 27.108454
21.609055 25.153782
25.904022 23.474064
30.064772 21.989313
33.68865 20.679533
37.17831 19.499731
40.80219 18.444908
44.023415 17.48507
47.110424 17.405083
50.19743 17.325096
53.15022 17.235111
55.968792 17.160124
59.0558 17.075138
62.142807 16.985153
64.96138 16.935162
68.048386 16.875172
70.86696 16.860174
73.81975 16.840178
76.77254 16.805183
79.59111 16.785187
82.67812 16.760191
85.4967 16.730196
88.449486 16.730196
