0.26843545 24.09396
4.1607494 23.359083
8.187282 22.6592
11.81116 22.00931
15.435039 21.404411
18.790482 20.81951
22.280144 20.269602
25.904022 19.73969
29.125246 19.229776
32.212254 18.749857
35.43348 18.304932
38.654705 17.865005
41.741714 17.440077
44.694504 17.040144
47.513077 16.660208
50.33165 16.305267
52.881786 15.9553175
55.56614 15.61531
58.116276 15.285302
60.666412 14.985295
63.35077 14.675288
65.766685 14.395282
68.316826 14.110275
70.73274 13.850269
73.28288 13.5952635
75.43037 13.345258
77.57785 13.110252
79.99377 12.865247
82.007034 12.660242
84.288734 12.6352415
86.302 12.610241
88.449486 12.595241
90.462746 12.57024
92.61023 12.56024
94.6235 12.530239
96.9052 12.520239
99.05268 12.505239
101.33438 12.485238
103.34765 12.4602375
105.360916 12.445237
107.5084 12.435237
109.52167 12.410236
111.80337 12.400236
113.95085 12.370235
116.098335 12.355235
118.24582 12.340235
120.25909 12.325234
122.54079 12.310234
124.554054 12.300234
126.567314 12.295234
128.7148 12.280233
130.72807 12.270233
133.00977 12.260233
135.15726 12.250233
137.17052 12.240232
139.31801 12.220232
141.33127 12.220232
143.47874 12.200232
145.49202 12.185231
147.50528 12.180231
149.78699 12.175231
151.93446 12.160231
153.94774 12.14023
156.22943 12.14023
