0.26843545 30.957808
0.5368709 27.943314
0.8053064 25.433735
1.0737418 23.334087
1.2079595 21.539389
1.476395 19.98465
1.6106128 18.639875
1.7448305 18.539892
2.0132658 18.464905
2.1474836 18.384918
2.2817013 18.294933
2.5501368 18.219946
2.6843545 18.124962
2.8185723 18.044975
3.0870078 17.994984
3.2212255 17.944992
3.3554432 17.914997
3.489661 17.870005
3.7580965 17.825012
3.8923142 17.77502
4.1607494 17.730028
4.294967 17.680037
4.429185 17.635044
4.6976204 17.590052
4.831838 17.550058
5.1002736 17.505066
5.2344913 17.465073
5.368709 17.405083
5.6371446 17.36009
5.7713623 17.320097
6.039798 17.275105
6.1740155 17.230112
6.3082333 17.18012
6.5766687 17.135128
6.7108865 17.095135
6.845104 17.040144
7.1135397 17.00515
7.2477574 16.970156
7.516193 16.915165
7.6504107 16.865173
7.7846284 16.82518
8.053063 16.775188
8.187282 16.740194
8.321499 16.685204
8.589934 16.640211
8.724153 16.600218
8.85837 16.555225
9.126805 16.555225
