0.26843545 23.13912
4.1607494 22.639204
7.7846284 22.159285
11.408507 21.704361
14.898168 21.259436
18.387829 20.839506
21.87749 20.429575
25.501368 20.024643
28.856812 19.654705
32.346474 19.284767
35.701916 18.929827
38.92314 18.589884
42.010147 18.269938
44.82872 17.929995
47.78151 17.919996
50.86852 17.9
53.95553 17.880003
57.042534 17.860006
60.26376 17.845009
63.35077 17.825012
66.30356 17.800016
69.25635 17.785019
72.20914 17.760023
75.29614 17.735027
78.383156 17.730028
81.47016 17.705032
84.42295 17.685036
87.24152 17.66504
90.19431 17.650042
93.28132 17.620047
96.50255 17.59505
99.45534 17.580053
102.40813 17.550058
105.360916 17.53506
108.44792 17.520063
111.534935 17.495068
114.35351 17.48007
117.44051 17.460073
120.3933 17.440077
123.614525 17.415081
126.4331 17.410082
129.3859 17.380087
132.4729 17.350092
135.42569 17.330095
138.37848 17.3051
141.46548 17.295101
144.41827 17.270105
147.23685 17.255108
150.18964 17.230112
153.27664 17.205116
156.22943 17.190119
159.048 17.170122
162.13501 17.160124
165.0878 17.150126
167.90637 17.135128
170.9934 17.12013
173.81195 17.115131
176.76476 17.100134
179.85176 17.095135
182.67033 17.085136
185.4889 17.070139
188.57591 17.055141
191.26027 17.045143
194.34727 17.045143
