0.4026532 51.28175
8.992588 46.805794
16.911434 43.03499
24.159191 39.8043
30.870077 37.013702
37.17831 34.578182
43.21811 32.437725
48.721035 30.537878
54.089745 28.85816
58.92158 27.353413
63.6192 26.00364
67.91417 24.768847
72.20914 23.639036
76.36989 22.594212
80.2622 21.644371
83.75186 20.789515
87.24152 19.969652
90.731186 19.219778
93.95241 18.529894
97.17364 17.9
100.529076 17.310099
103.34765 17.3001
106.30044 17.290102
109.25323 17.275105
112.34024 17.260107
115.29303 17.250109
118.380035 17.230112
121.46704 17.215115
124.285614 17.205116
127.2384 17.195118
130.45963 17.18012
133.41241 17.170122
136.36522 17.150126
139.45222 17.135128
142.2708 17.12013
145.22359 17.105133
148.3106 17.090136
151.12917 17.075138
154.08195 17.06514
157.16896 17.050142
160.12175 17.030146
163.07454 17.010149
166.02733 17.00015
168.8459 16.965157
171.9329 16.94516
174.8857 16.930162
177.83849 16.915165
180.92549 16.905167
183.74406 16.88517
186.69685 16.865173
189.51543 16.845177
192.334 16.82518
195.421 16.82518
