0.26843545 27.828333
5.2344913 25.28876
9.395241 23.154118
13.287555 21.339422
16.642998 19.774685
19.998442 18.414913
23.219667 18.299932
26.440893 18.18995
29.5279 18.07497
32.48069 17.974987
35.43348 17.875004
38.38627 17.785019
41.33906 17.72003
44.29185 17.645042
47.24464 17.560057
50.465866 17.490068
53.418655 17.405083
56.505665 17.335094
59.458454 17.255108
62.54546 17.170122
65.49825 17.095135
68.45104 17.015148
71.53805 16.930162
74.35662 16.840178
77.30941 16.760191
79.99377 16.720198
82.946556 16.720198
