0.0 15.995318
0.13421772 15.695312
0.26843545 15.405305
0.4026532 15.145299
0.4026532 15.115298
0.5368709 15.095298
0.67108864 15.070297
0.67108864 15.060297
0.8053064 15.035296
0.9395241 15.010296
1.0737418 14.975295
1.0737418 14.970295
1.2079595 14.955295
1.3421773 14.925294
1.3421773 14.905293
1.476395 14.885293
1.6106128 14.865293
1.7448305 14.825292
1.7448305 14.825292
1.8790482 14.790291
2.0132658 14.77029
2.0132658 14.77029
2.1474836 14.75029
2.2817013 14.73529
2.2817013 14.725289
2.415919 14.710289
2.5501368 14.705289
2.6843545 14.695289
2.6843545 14.685288
2.8185723 14.670288
2.95279 14.665288
2.95279 14.640287
3.0870078 14.625287
3.2212255 14.615287
3.3554432 14.610287
3.3554432 14.580286
3.489661 14.580286
