0.13421772 16.930162
3.2212255 16.59022
6.1740155 16.260275
8.992588 15.9553175
11.81116 15.660311
14.629732 15.360304
17.179869 15.085298
19.730005 14.800291
22.280144 14.535285
24.964497 14.290279
27.514635 14.270279
29.796335 14.240278
32.346474 14.235278
34.76239 14.225278
37.17831 14.190277
39.728447 14.170277
42.278584 14.140276
44.82872 14.125276
47.378857 14.110275
49.928993 14.090275
52.210697 14.070274
54.626614 14.050274
57.042534 14.035274
59.458454 14.025273
62.00859 14.010273
64.55872 13.985272
66.97465 13.970272
69.390564 13.9452715
71.80649 13.930271
74.222404 13.910271
76.77254 13.905271
79.32268 13.89527
81.60438 13.89027
84.020294 13.88527
86.43622 13.88527
