0.26843545 29.328081
0.5368709 28.573208
0.8053064 27.84833
1.0737418 27.178442
1.2079595 26.528551
1.476395 25.898657
1.7448305 25.303757
2.0132658 24.728853
2.2817013 24.183945
2.415919 23.649035
2.6843545 23.149118
2.95279 22.679197
3.2212255 22.209276
3.3554432 21.759352
3.6238787 21.329424
3.7580965 20.909494
4.0265317 20.504562
4.1607494 20.114628
4.429185 19.754688
4.5634027 19.38475
4.6976204 19.049807
4.966056 18.714863
5.1002736 18.679869
5.2344913 18.659872
5.368709 18.639875
5.6371446 18.619879
5.7713623 18.594883
5.90558 18.569887
6.1740155 18.54989
6.3082333 18.534893
6.442451 18.504898
6.7108865 18.479902
6.845104 18.464905
6.979322 18.439909
7.2477574 18.409914
7.381975 18.389917
7.516193 18.364922
7.7846284 18.339926
7.918846 18.30993
8.053063 18.30993
8.321499 18.294933
8.455717 18.294933
8.589934 18.274937
8.85837 18.269938
8.992588 18.25494
9.126805 18.24994
9.395241 18.229944
9.529459 18.219946
9.663676 18.209948
9.932112 18.18995
10.06633 18.174953
10.200547 18.174953
10.468983 18.154957
10.603201 18.154957
10.871636 18.13996
11.005854 18.13496
11.140072 18.114964
11.408507 18.114964
11.542725 18.104965
11.81116 18.084969
11.945377 18.069971
12.213813 18.059973
12.348031 18.039976
12.482248 18.039976
12.750684 18.024979
12.884902 18.024979
13.1533375 17.999983
13.287555 17.984985
13.421773 17.984985
13.690208 17.964989
13.824426 17.949991
13.958644 17.934994
14.092861 17.934994
14.361297 17.909998
14.495515 17.9
14.629732 17.885002
14.898168 17.885002
15.032386 17.860006
15.166603 17.860006
