0.67108864 70.00117
1.2079595 70.00117
1.8790482 70.00117
2.0132658 13.280256
2.2817013 13.240255
2.415919 13.190254
2.5501368 13.160254
2.6843545 13.110252
2.8185723 13.070251
2.95279 13.030251
3.0870078 12.9852495
3.2212255 12.9402485
3.3554432 12.895247
3.489661 12.845246
3.6238787 12.815246
3.7580965 12.7652445
3.8923142 12.725244
4.0265317 12.670242
4.1607494 12.630241
4.294967 12.5902405
4.429185 12.545239
4.5634027 12.510239
4.6976204 12.4602375
4.831838 12.410236
4.966056 12.365235
5.1002736 12.320234
5.2344913 12.300234
5.368709 12.280233
5.502927 12.265233
5.6371446 12.230232
5.7713623 12.195231
5.90558 12.180231
6.039798 12.1552305
6.1740155 12.13523
6.3082333 12.1102295
6.442451 12.095229
6.5766687 12.060228
6.7108865 12.035228
6.845104 12.010227
6.979322 11.985227
7.1135397 11.970226
7.2477574 11.940226
7.381975 11.925225
7.516193 11.905225
7.6504107 11.880224
7.7846284 11.860224
7.918846 11.830223
8.053063 11.810223
8.187282 11.785222
8.321499 11.770222
8.455717 11.740221
8.589934 11.725221
8.724153 11.70022
8.85837 11.670219
8.992588 11.650219
9.126805 11.620218
9.2610235 11.620218
