0.67108864 70.00117
11.542725 70.00117
23.353884 70.00117
35.165043 70.00117
46.841988 70.00117
58.92158 70.00117
70.73274 70.00117
82.81234 70.00117
95.02615 70.00117
106.83731 20.389582
117.57473 19.894665
128.58058 19.884666
137.43895 19.454739
147.6395 18.97482
153.81352 18.529894
158.51114 18.149958
164.41672 17.800016
168.30904 17.42008
172.06712 17.075138
177.1674 16.76519
181.32816 16.425247
184.14673 16.125298
187.36795 15.800314
190.18652 15.520308
193.0051 15.225301
195.68945 14.960295
198.10536 14.700289
200.6555 14.675288
203.33986 14.665288
205.75578 14.640287
208.30591 14.590286
210.72183 14.575286
213.40619 14.560286
215.95633 14.535285
218.50645 14.520285
221.0566 14.495284
223.47252 14.475284
226.02266 14.455283
228.43857 14.445283
230.98871 14.435283
233.40463 14.4252825
235.95477 14.415282
238.5049 14.405282
240.92082 14.395282
243.60518 14.385282
246.0211 14.375281
248.70544 14.365281
251.12137 14.355281
253.67151 14.345281
256.22165 14.33528
258.7718 14.32528
261.1877 14.31528
263.73782 14.30528
266.28796 14.285279
268.97232 14.280279
271.38824 14.270279
273.9384 14.265279
276.3543 14.245278
279.03867 14.230278
281.4546 14.220278
284.0047 14.215278
286.42062 14.205277
288.83655 14.195277
291.3867 14.185277
293.6684 14.175277
296.21854 14.165277
298.5002 14.155276
301.05035 14.145276
303.46628 14.135276
306.01642 14.125276
308.43234 14.115275
310.98248 14.100275
313.53262 14.090275
315.8143 14.080275
318.36444 14.065274
320.64615 14.065274
323.1963 14.055274
325.6122 14.050274
328.02814 14.040274
330.57828 14.040274
332.85995 14.035274
335.4101 14.030273
337.6918 14.025273
340.24194 14.020273
342.65787 14.015273
344.93958 14.015273
347.4897 14.010273
349.9056 14.005273
352.45575 14.000273
354.87167 13.995273
357.15338 13.9902725
359.5693 13.985272
361.9852 13.980272
364.53534 13.975272
366.95126 13.965272
369.23297 13.960272
371.7831 13.955272
374.06482 13.9452715
376.61496 13.9452715
379.03085 13.935271
381.44678 13.930271
383.8627 13.920271
386.27863 13.915271
388.56033 13.905271
391.11047 13.90027
393.39215 13.89027
395.9423 13.88527
398.35822 13.88027
400.77414 13.87527
403.19006 13.87027
405.606 13.86527
407.88766 13.86027
410.4378 13.855269
412.7195 13.850269
415.13544 13.845269
417.55136 13.835269
419.9673 13.825269
422.38318 13.820269
424.6649 13.810268
427.0808 13.795268
429.63095 13.790268
432.04688 13.785268
434.32858 13.780268
436.8787 13.775268
439.29462 13.7702675
441.57632 13.765267
443.99225 13.755267
446.5424 13.745267
448.8241 13.740267
451.24 13.735267
453.6559 13.730267
456.07184 13.715266
458.35355 13.710266
460.76947 13.705266
463.1854 13.695266
465.6013 13.690266
468.0172 13.690266
