0.4026532 70.00117
6.442451 40.079357
11.408507 36.0585
14.898168 32.752792
17.582521 29.982971
20.13266 27.623367
22.41436 25.613705
24.83028 23.849
26.977764 22.294262
28.99103 20.959486
30.870077 19.734692
32.883343 18.649874
34.493958 17.65504
36.10457 17.60505
37.715183 17.53506
39.46001 17.47507
40.936405 17.405083
42.54702 17.355091
44.29185 17.265106
45.768246 17.205116
47.24464 17.130129
48.98947 17.06514
50.465866 17.00515
52.076477 16.94516
53.418655 16.875172
55.02927 16.860174
56.63988 16.82518
58.116276 16.805183
59.72689 16.785187
61.203285 16.76519
62.948116 16.76519
