0.4026532 38.36399
6.7108865 35.93347
12.482248 33.783012
17.985176 31.867655
23.219667 30.147943
28.185722 28.598204
32.883343 27.198439
37.446747 25.918653
41.87593 24.753849
45.902462 23.67903
50.063213 22.689196
53.68709 21.784348
57.31097 20.949488
60.800632 20.15962
64.29029 19.424744
67.51152 18.744858
70.598526 18.689867
73.95397 18.639875
77.17519 18.604881
80.2622 18.564888
83.48343 18.524895
86.70465 18.499899
89.79166 18.459906
93.012886 18.424911
96.09989 18.384918
99.1869 18.349924
102.27391 18.31493
105.49513 18.264938
108.582146 18.239943
111.80337 18.18995
114.89037 18.154957
118.1116 18.114964
121.332825 18.07497
124.554054 18.039976
127.50684 17.999983
130.45963 17.964989
133.41241 17.919996
136.36522 17.870005
139.45222 17.83501
142.53923 17.800016
145.62624 17.760023
148.84746 17.72003
151.80025 17.675037
154.75304 17.635044
157.70583 17.580053
160.79283 17.550058
164.01407 17.505066
166.83264 17.455074
169.78543 17.42508
172.87244 17.380087
175.95944 17.345093
178.77802 17.3001
181.7308 17.275105
184.95203 17.255108
187.7706 17.230112
190.72339 17.205116
193.67618 17.190119
196.76318 17.150126
199.71597 17.135128
202.66876 17.115131
205.75578 17.095135
208.57436 17.070139
211.66136 17.035145
214.61415 17.035145
