0.26843545 24.888826
0.5368709 23.539053
0.8053064 22.319258
0.9395241 21.219442
1.2079595 20.204613
1.476395 19.289766
1.6106128 18.459906
1.8790482 17.675037
2.0132658 16.960157
2.1474836 16.300268
2.415919 15.685311
2.5501368 15.110298
2.8185723 14.575286
2.8185723 14.080275
3.0870078 14.050274
3.2212255 14.020273
3.3554432 13.995273
3.489661 13.960272
3.6238787 13.915271
3.7580965 13.90027
3.8923142 13.86527
4.1607494 13.830269
4.294967 13.805268
4.429185 13.775268
4.5634027 13.750267
4.6976204 13.710266
4.831838 13.675265
4.966056 13.650265
5.1002736 13.615264
5.368709 13.575263
5.502927 13.550262
5.6371446 13.515262
5.7713623 13.500261
5.90558 13.485261
6.039798 13.475261
6.1740155 13.46026
6.3082333 13.44526
6.5766687 13.42526
6.7108865 13.415259
6.845104 13.415259
