0.26843545 24.438902
0.5368709 23.873997
0.67108864 23.339087
0.9395241 22.824173
1.2079595 22.319258
1.3421773 21.869333
1.6106128 21.404411
1.8790482 20.969484
2.0132658 20.549555
2.2817013 20.129625
2.415919 19.734692
2.6843545 19.354755
2.8185723 19.004814
3.0870078 18.639875
3.2212255 18.31493
3.3554432 17.979986
3.6238787 17.66004
3.7580965 17.640043
3.8923142 17.620047
4.1607494 17.60505
4.294967 17.575054
4.429185 17.54506
4.6976204 17.53506
4.831838 17.505066
4.966056 17.490068
5.2344913 17.47507
5.368709 17.465073
5.502927 17.450075
5.7713623 17.450075
5.90558 17.450075
