0.4026532 70.00117
0.9395241 70.00117
1.3421773 70.00117
1.7448305 70.00117
2.0132658 70.00117
2.415919 70.00117
2.5501368 17.909998
2.6843545 17.870005
2.8185723 17.825012
2.95279 17.790018
2.95279 17.760023
3.0870078 17.710032
3.2212255 17.680037
3.3554432 17.635044
3.489661 17.60005
3.489661 17.550058
3.6238787 17.505066
3.7580965 17.440077
3.8923142 17.395084
4.0265317 17.350092
4.1607494 17.3051
4.294967 17.24511
4.429185 17.200117
4.429185 17.145126
4.5634027 17.095135
4.6976204 17.040144
4.831838 16.990152
4.966056 16.935162
5.1002736 16.88517
5.2344913 16.88517
