0.13421772 17.460073
0.26843545 17.00015
0.4026532 16.580221
0.5368709 16.205284
0.67108864 15.830315
0.67108864 15.460306
0.8053064 15.080297
0.9395241 14.76529
1.0737418 14.435283
1.2079595 14.155276
1.3421773 13.825269
1.3421773 13.555263
1.476395 13.295257
1.6106128 13.02025
1.6106128 12.785245
1.7448305 12.525239
1.8790482 12.310234
1.8790482 12.090229
2.0132658 11.855224
2.1474836 11.650219
2.1474836 11.465215
2.2817013 11.25521
2.2817013 11.24021
2.415919 11.230209
2.5501368 11.200209
2.5501368 11.200209
