0.26843545 27.038465
0.5368709 25.243767
0.67108864 23.654034
0.9395241 22.259268
1.2079595 20.99448
1.3421773 19.879667
1.476395 18.844841
1.7448305 18.779852
1.8790482 18.709864
2.1474836 18.634876
2.2817013 18.579885
2.415919 18.544891
2.5501368 18.504898
2.8185723 18.474903
2.95279 18.439909
3.2212255 18.414913
3.3554432 18.359922
3.489661 18.339926
3.7580965 18.30993
3.8923142 18.269938
4.0265317 18.239943
4.294967 18.204948
4.429185 18.169954
4.6976204 18.154957
4.831838 18.099966
4.966056 18.07497
5.2344913 18.044975
5.368709 18.009981
5.502927 17.969988
5.7713623 17.929995
5.90558 17.9
6.039798 17.880003
6.3082333 17.845009
6.442451 17.820013
6.5766687 17.790018
6.845104 17.755024
6.979322 17.71503
7.1135397 17.675037
7.381975 17.640043
7.516193 17.620047
7.6504107 17.565056
7.918846 17.550058
8.053063 17.520063
8.321499 17.47507
8.455717 17.440077
8.589934 17.415081
8.85837 17.380087
8.992588 17.350092
9.126805 17.3001
9.2610235 17.280104
9.529459 17.24511
9.663676 17.210115
9.7978945 17.175121
10.06633 17.145126
10.200547 17.110132
10.334765 17.075138
10.468983 17.030146
10.737418 17.015148
10.871636 17.015148
