0.26843545 22.594212
0.5368709 22.114292
0.67108864 21.674366
0.9395241 21.244438
1.2079595 20.844505
1.3421773 20.434574
1.6106128 20.054638
1.7448305 19.699697
2.0132658 19.339758
2.1474836 18.994816
2.415919 18.659872
2.5501368 18.644875
2.6843545 18.624878
2.95279 18.60988
3.0870078 18.579885
3.3554432 18.559889
3.489661 18.539892
3.7580965 18.534893
3.8923142 18.509897
4.1607494 18.474903
4.294967 18.464905
4.429185 18.444908
4.6976204 18.42991
4.831838 18.409914
5.1002736 18.394917
5.2344913 18.37992
5.368709 18.354923
5.502927 18.344925
5.7713623 18.31993
5.90558 18.294933
6.039798 18.274937
6.3082333 18.264938
6.442451 18.244942
6.7108865 18.219946
6.845104 18.204948
6.979322 18.19495
7.2477574 18.169954
7.381975 18.144958
7.6504107 18.124962
7.7846284 18.104965
7.918846 18.07997
8.187282 18.059973
8.321499 18.049974
8.589934 18.024979
8.724153 18.004982
8.85837 17.989985
9.126805 17.974987
9.2610235 17.969988
9.395241 17.964989
9.529459 17.95999
9.7978945 17.949991
9.932112 17.934994
10.06633 17.929995
10.334765 17.909998
10.468983 17.9
10.603201 17.895
10.871636 17.885002
11.005854 17.880003
11.274289 17.875004
11.408507 17.865005
11.676942 17.860006
11.81116 17.855007
11.945377 17.83501
12.213813 17.830011
12.348031 17.820013
12.482248 17.815014
12.750684 17.810015
12.884902 17.800016
13.019119 17.790018
13.1533375 17.765022
13.421773 17.750025
13.55599 17.745026
13.690208 17.735027
13.958644 17.730028
14.092861 17.72003
14.361297 17.710032
14.495515 17.705032
14.76395 17.695034
14.898168 17.690035
15.032386 17.685036
15.300821 17.670038
15.435039 17.66004
15.569257 17.650042
15.837692 17.645042
15.9719095 17.630045
16.106127 17.610048
16.240345 17.59505
16.508781 17.590052
16.642998 17.580053
16.777216 17.575054
17.045652 17.555058
17.179869 17.550058
17.448305 17.54006
17.582521 17.525063
17.71674 17.525063
