0.13421772 27.54838
0.4026532 26.59854
0.67108864 25.723686
0.9395241 24.913822
1.0737418 24.133953
1.3421773 23.409075
1.6106128 22.714191
1.7448305 22.059301
2.0132658 21.449404
2.1474836 20.864502
2.415919 20.314594
2.5501368 19.789682
2.8185723 19.289766
2.95279 18.819845
3.0870078 18.364922
3.2212255 17.924995
3.489661 17.515064
3.489661 17.12013
3.7580965 16.745193
3.8923142 16.375256
4.0265317 16.025314
4.1607494 15.695312
4.294967 15.370304
4.429185 15.065297
4.6976204 14.76029
4.831838 14.475284
4.966056 14.195277
5.1002736 13.925271
5.2344913 13.680265
5.368709 13.42526
5.502927 13.185254
5.6371446 12.955249
5.7713623 12.935248
5.90558 12.930248
6.039798 12.910248
6.039798 12.900248
6.1740155 12.890247
6.3082333 12.870247
6.442451 12.855247
6.5766687 12.845246
6.7108865 12.820246
6.845104 12.815246
6.979322 12.800245
7.1135397 12.780245
7.2477574 12.770245
7.381975 12.760244
7.516193 12.740244
7.6504107 12.720243
7.7846284 12.715243
7.918846 12.705243
8.053063 12.690243
8.053063 12.670242
8.187282 12.645242
8.321499 12.640242
8.455717 12.615241
8.589934 12.610241
8.724153 12.595241
8.85837 12.58524
8.992588 12.56524
9.126805 12.56024
9.2610235 12.545239
9.2610235 12.520239
9.395241 12.515239
9.529459 12.490238
9.663676 12.480238
9.7978945 12.470238
9.932112 12.4602375
10.06633 12.455237
10.200547 12.445237
10.334765 12.440237
10.468983 12.435237
10.603201 12.420237
10.737418 12.415236
10.871636 12.405236
10.871636 12.400236
11.005854 12.390236
11.140072 12.385236
11.274289 12.375236
11.408507 12.370235
11.542725 12.360235
11.676942 12.355235
11.81116 12.350235
11.945377 12.340235
12.079596 12.330235
12.213813 12.325234
12.348031 12.315234
12.482248 12.300234
12.482248 12.300234
12.6164665 12.2852335
12.750684 12.2852335
12.884902 12.275233
13.019119 12.270233
13.1533375 12.255233
13.287555 12.255233
