0.26843545 70.00117
6.845104 70.00117
13.421773 70.00117
19.46157 18.144958
25.501368 18.07497
30.735859 18.034977
34.76239 17.984985
37.8494 17.919996
40.399536 17.850008
43.352325 17.785019
44.96294 17.71503
46.707767 17.640043
48.318382 17.570055
49.794777 17.515064
51.40539 17.48507
53.15022 17.42508
54.626614 17.400084
56.23723 17.375088
57.84784 17.350092
59.324234 17.335094
60.93485 17.315098
62.54546 17.295101
64.156075 17.270105
65.63247 17.235111
67.24308 17.215115
68.85369 17.195118
70.598526 17.170122
72.20914 17.150126
73.68553 17.12513
75.29614 17.100134
77.04098 17.070139
78.51737 17.055141
80.12798 17.030146
81.60438 17.00515
83.21499 16.975155
84.95982 16.94516
86.43622 16.925163
88.181046 16.900167
89.65744 16.900167
