0.5368709 70.00117
1.2079595 70.00117
1.8790482 70.00117
2.5501368 70.00117
3.2212255 70.00117
3.3554432 15.035296
3.489661 14.970295
3.6238787 14.910294
3.7580965 14.845292
3.8923142 14.780291
4.0265317 14.715289
4.1607494 14.655288
4.429185 14.605287
4.5634027 14.540285
4.6976204 14.475284
4.831838 14.415282
4.966056 14.355281
5.1002736 14.290279
5.2344913 14.215278
5.368709 14.160276
5.502927 14.090275
5.6371446 14.015273
5.7713623 13.950272
5.90558 13.88527
6.039798 13.810268
6.1740155 13.785268
6.3082333 13.745267
6.442451 13.705266
6.5766687 13.675265
6.7108865 13.635264
6.845104 13.600264
6.979322 13.575263
7.1135397 13.530262
7.2477574 13.485261
7.381975 13.4652605
7.6504107 13.415259
7.7846284 13.380259
7.918846 13.380259
