0.26843545 19.534725
4.0265317 19.004814
7.516193 18.504898
11.274289 18.034977
14.76395 17.575054
18.119392 17.145126
21.206402 16.730196
24.561844 16.335262
27.514635 15.960318
30.870077 15.6053095
34.091305 15.260302
37.044094 14.920294
39.862667 14.615287
42.681236 14.30528
45.231373 14.010273
47.78151 13.730267
50.19743 13.46026
52.881786 13.200254
55.56614 12.950249
58.250492 12.705243
60.532196 12.470238
63.082333 12.245233
65.766685 12.025228
68.18261 11.815223
70.73274 11.800222
73.01444 11.790222
75.43037 11.770222
77.71207 11.750221
79.85955 11.745221
82.27547 11.730221
84.55717 11.720221
87.10731 11.70022
89.25479 11.69522
91.93914 11.69022
94.22085 11.670219
96.77098 11.650219
99.1869 11.650219
101.33438 11.645219
103.750305 11.635219
105.89779 11.620218
108.313705 11.620218
