0.13421772 15.065297
0.26843545 14.790291
0.4026532 14.525285
0.5368709 14.275279
0.8053064 14.025273
0.9395241 14.010273
1.0737418 13.980272
1.2079595 13.970272
1.3421773 13.960272
1.6106128 13.950272
1.7448305 13.930271
1.8790482 13.915271
2.0132658 13.89527
2.1474836 13.88527
2.2817013 13.88027
2.5501368 13.88027
2.6843545 13.87527
2.8185723 13.87027
2.95279 13.86527
3.0870078 13.855269
3.3554432 13.845269
3.489661 13.835269
3.6238787 13.835269
3.7580965 13.830269
3.8923142 13.825269
4.0265317 13.820269
4.1607494 13.810268
4.294967 13.805268
4.5634027 13.800268
4.6976204 13.795268
4.831838 13.785268
4.966056 13.780268
5.1002736 13.7702675
5.2344913 13.765267
5.502927 13.760267
5.6371446 13.755267
5.7713623 13.750267
5.90558 13.740267
6.039798 13.735267
6.1740155 13.730267
6.3082333 13.715266
6.5766687 13.710266
6.7108865 13.705266
6.845104 13.700266
6.979322 13.690266
7.1135397 13.685266
7.2477574 13.680265
7.381975 13.665265
7.516193 13.660265
7.7846284 13.655265
7.918846 13.650265
8.053063 13.635264
8.187282 13.630264
8.321499 13.625264
8.455717 13.620264
8.589934 13.615264
8.85837 13.610264
8.992588 13.610264
