0.13421772 24.428904
0.4026532 23.988977
0.5368709 23.534054
0.67108864 23.104126
0.8053064 22.689196
0.9395241 22.649202
1.0737418 22.629206
1.2079595 22.584213
1.3421773 22.554218
1.476395 22.514225
1.7448305 22.499228
1.7448305 22.459234
2.0132658 22.42424
2.1474836 22.389246
2.2817013 22.374249
2.415919 22.324257
2.5501368 22.299261
2.6843545 22.274265
2.8185723 22.269266
2.95279 22.24427
3.0870078 22.229273
3.2212255 22.219275
3.3554432 22.199278
3.489661 22.18928
3.6238787 22.169283
3.7580965 22.144287
3.8923142 22.134289
4.0265317 22.119291
4.1607494 22.119291
4.294967 22.094296
4.5634027 22.054302
4.6976204 22.049303
4.6976204 22.029306
4.966056 22.019308
5.1002736 21.984314
5.2344913 21.979315
5.368709 21.959318
5.502927 21.94932
5.6371446 21.929323
5.7713623 21.904327
5.90558 21.88433
6.039798 21.869333
6.1740155 21.854336
6.3082333 21.839338
6.442451 21.82434
6.7108865 21.799345
6.7108865 21.784348
6.979322 21.759352
7.1135397 21.749353
7.2477574 21.729357
7.2477574 21.719358
7.516193 21.694363
7.6504107 21.684364
7.7846284 21.684364
