0.13421772 21.429407
3.8923142 20.39958
7.516193 19.464737
11.140072 18.599882
14.495515 17.805016
17.582521 17.080137
20.803747 16.420248
23.756538 15.815314
26.843546 15.240301
29.662117 14.690289
32.346474 14.195277
35.030827 14.170277
37.446747 14.150276
39.996883 14.125276
42.54702 14.100275
45.231373 14.080275
47.513077 14.055274
49.928993 14.035274
52.61335 14.010273
55.431923 13.9902725
57.84784 13.960272
60.397976 13.935271
63.082333 13.915271
65.36404 13.89527
67.77995 13.87027
70.330086 13.845269
72.880226 13.820269
75.29614 13.795268
77.9805 13.7702675
80.53064 13.740267
82.946556 13.720266
85.4967 13.695266
87.91261 13.685266
90.32853 13.675265
92.87867 13.660265
95.294586 13.650265
97.84473 13.625264
100.39486 13.605264
102.945 13.590263
105.49513 13.580263
107.91106 13.565263
110.32697 13.555263
113.01133 13.545262
115.427246 13.535262
117.97739 13.525262
120.3933 13.510262
122.943436 13.485261
125.62779 13.4652605
127.90949 13.4652605
