0.26843545 20.189615
3.489661 18.684868
6.442451 17.355091
9.395241 16.210283
12.213813 15.2003
14.898168 14.30528
17.448305 13.510262
19.730005 12.795245
21.87749 12.14023
23.890755 12.105229
25.769804 12.075229
27.78307 12.035228
29.662117 11.995227
31.675385 11.960226
33.68865 11.910225
35.701916 11.900225
37.8494 11.875224
39.862667 11.855224
42.010147 11.830223
44.29185 11.8052225
46.439335 11.775222
48.4526 11.755221
50.33165 11.735221
52.344913 11.71522
54.35818 11.69022
56.371445 11.665219
58.51893 11.650219
60.666412 11.620218
62.67968 11.605218
64.69295 11.590218
66.57199 11.565217
68.58526 11.540216
70.73274 11.510216
73.01444 11.490215
74.89349 11.465215
76.77254 11.445214
78.785805 11.420214
80.93329 11.400213
83.08077 11.380213
84.95982 11.360212
86.97309 11.335212
88.98635 11.310211
91.133835 11.290211
93.1471 11.25521
95.02615 11.24021
97.03942 11.220209
99.1869 11.190208
101.200165 11.175208
103.079216 11.1502075
105.09248 11.125207
107.23997 11.100206
109.11901 11.085206
111.13228 11.070206
113.145546 11.040205
115.15881 11.015204
117.17207 11.015204
