0.13421772 23.529055
0.4026532 22.919157
0.5368709 22.344254
0.8053064 21.804344
0.9395241 21.274433
1.2079595 20.774517
1.3421773 20.294598
1.6106128 19.844673
1.7448305 19.399748
2.0132658 18.989817
2.1474836 18.579885
2.415919 18.18995
2.5501368 17.825012
2.6843545 17.460073
2.95279 17.12013
3.0870078 16.785187
3.2212255 16.460241
3.489661 16.145294
3.6238787 15.855315
3.7580965 15.565309
3.8923142 15.280302
4.0265317 15.015296
4.1607494 14.990295
4.294967 14.985295
4.5634027 14.970295
4.6976204 14.955295
4.831838 14.930294
4.966056 14.915294
5.1002736 14.895293
5.2344913 14.885293
5.368709 14.870293
5.502927 14.860292
5.7713623 14.835292
5.90558 14.810291
6.039798 14.785291
6.1740155 14.7752905
6.3082333 14.76529
6.442451 14.75029
6.5766687 14.725289
6.7108865 14.715289
6.979322 14.685288
7.1135397 14.670288
7.2477574 14.660288
7.381975 14.6452875
7.516193 14.625287
7.6504107 14.610287
7.7846284 14.590286
7.918846 14.565286
8.053063 14.545285
8.321499 14.525285
8.455717 14.520285
8.589934 14.495284
8.724153 14.485284
8.85837 14.460283
8.992588 14.455283
9.126805 14.4252825
9.2610235 14.415282
9.529459 14.400282
9.529459 14.370281
9.7978945 14.365281
9.932112 14.340281
10.06633 14.33528
10.200547 14.31528
10.334765 14.30528
10.468983 14.30528
10.603201 14.2952795
10.737418 14.290279
10.871636 14.265279
11.140072 14.265279
11.274289 14.260279
11.408507 14.255279
11.542725 14.235278
11.676942 14.215278
11.81116 14.210278
11.945377 14.200277
12.079596 14.200277
