0.13421772 26.088625
2.415919 25.433735
4.831838 24.80884
6.979322 24.218939
8.992588 23.649035
11.005854 23.104126
12.884902 22.594212
14.76395 22.104294
16.642998 21.624374
18.522047 21.164452
20.66953 20.744522
22.41436 20.314594
24.29341 19.92466
26.172457 19.529726
27.917288 19.164787
29.5279 18.79485
31.004295 18.449907
32.614906 18.104965
34.091305 17.785019
35.5677 17.48007
37.17831 17.450075
38.92314 17.435078
40.667973 17.405083
42.144367 17.385086
43.75498 17.36509
45.365593 17.345093
46.841988 17.320097
48.318382 17.310099
50.063213 17.270105
51.808044 17.260107
53.28444 17.250109
54.89505 17.24511
56.63988 17.230112
57.98206 17.230112
59.59267 17.220114
61.3375 17.200117
62.67968 17.18512
64.29029 17.160124
65.9009 17.140127
67.24308 17.12013
68.719475 17.105133
70.46431 17.085136
71.940704 17.055141
73.4171 17.040144
75.02771 17.030146
76.504105 17.020147
77.9805 17.00015
79.725334 17.00015
