0.26843545 25.548716
0.5368709 23.609041
0.8053064 21.934322
0.9395241 20.469568
1.2079595 19.189783
1.3421773 18.054974
1.476395 17.030146
1.6106128 16.1153
1.7448305 15.285302
1.8790482 15.240301
2.1474836 15.1853
2.2817013 15.135299
2.415919 15.085298
2.5501368 15.030296
2.6843545 14.990295
2.8185723 14.920294
2.95279 14.875293
3.0870078 14.825292
3.3554432 14.77029
3.489661 14.74029
3.6238787 14.710289
3.7580965 14.685288
3.8923142 14.660288
4.0265317 14.635287
4.1607494 14.610287
4.294967 14.570286
4.5634027 14.550285
4.5634027 14.530285
4.831838 14.490284
4.966056 14.465283
5.1002736 14.450283
5.2344913 14.410282
5.368709 14.385282
5.502927 14.365281
5.6371446 14.32528
5.7713623 14.30528
5.90558 14.275279
6.039798 14.245278
6.1740155 14.225278
6.3082333 14.200277
6.5766687 14.160276
6.7108865 14.150276
6.845104 14.1202755
6.979322 14.085275
7.1135397 14.055274
7.2477574 14.040274
7.381975 14.005273
7.516193 13.980272
7.6504107 13.955272
7.7846284 13.920271
7.918846 13.89527
8.053063 13.87527
8.187282 13.835269
8.321499 13.820269
8.455717 13.790268
8.589934 13.755267
8.85837 13.740267
8.992588 13.715266
9.126805 13.675265
9.2610235 13.650265
9.395241 13.630264
9.529459 13.5952635
9.663676 13.570263
9.7978945 13.545262
9.932112 13.515262
10.06633 13.485261
10.200547 13.485261
