0.13421772 20.319593
3.489661 19.439741
6.7108865 18.60988
9.663676 17.84001
12.750684 17.140127
15.569257 16.485237
18.387829 15.875316
20.937965 15.315303
23.756538 14.77029
26.306675 14.74029
28.856812 14.685288
31.406948 14.655288
33.82287 14.615287
36.373005 14.580286
38.92314 14.525285
41.473278 14.475284
43.8892 14.435283
46.439335 14.390282
48.98947 14.350281
51.539608 14.30528
54.22396 14.245278
56.774097 14.225278
59.190018 14.190277
61.471718 14.170277
63.887638 14.140276
66.16934 14.115275
68.719475 14.090275
71.1354 14.060274
73.68553 14.020273
76.23567 13.9902725
78.51737 13.965272
80.79907 13.935271
83.21499 13.910271
85.76513 13.88027
88.181046 13.850269
90.59697 13.8152685
92.87867 13.785268
95.4288 13.755267
97.84473 13.720266
100.39486 13.695266
102.67656 13.670265
104.95826 13.6402645
107.37418 13.605264
109.92432 13.570263
112.206024 13.530262
114.487724 13.515262
117.03786 13.505261
119.31956 13.485261
121.601265 13.470261
123.882965 13.45526
126.4331 13.42526
128.84901 13.42526
