0.26843545 70.00117
6.7108865 70.00117
13.287555 70.00117
19.595789 70.00117
25.501368 15.600309
30.601643 15.350304
35.43348 15.080297
39.862667 15.045297
43.75498 15.020296
48.318382 15.005296
52.344913 14.975295
55.163486 14.9502945
57.713623 14.935294
59.72689 14.900293
61.203285 14.885293
62.54546 14.850292
63.887638 14.8202915
65.36404 14.795291
66.70621 14.780291
68.048386 14.74529
69.390564 14.715289
70.73274 14.690289
72.20914 14.650288
73.551315 14.625287
75.02771 14.605287
76.36989 14.570286
77.84628 14.555285
79.18846 14.540285
80.664856 14.505284
82.14125 14.485284
83.617645 14.460283
84.82561 14.445283
86.16778 14.435283
87.37574 14.430283
88.71792 14.420282
90.0601 14.415282
91.402275 14.395282
92.87867 14.390282
94.22085 14.380281
95.69724 14.370281
97.17364 14.370281
98.38159 14.360281
99.589554 14.345281
100.93173 14.33528
102.27391 14.32028
103.61609 14.31528
105.09248 14.30028
106.56888 14.285279
108.04527 14.280279
109.25323 14.280279
110.46119 14.250278
111.66915 14.240278
113.01133 14.240278
