0.26843545 26.11362
0.5368709 23.654034
0.8053064 21.604378
0.9395241 19.874668
1.0737418 18.37992
1.3421773 17.105133
1.476395 15.975318
1.6106128 14.980295
1.7448305 14.095275
1.8790482 13.2902565
2.0132658 12.595241
2.1474836 11.955226
2.2817013 11.920225
2.415919 11.875224
2.415919 11.825223
2.5501368 11.800222
2.6843545 11.780222
2.8185723 11.7602215
2.95279 11.740221
3.0870078 11.71522
3.2212255 11.69022
3.3554432 11.670219
3.3554432 11.650219
3.489661 11.6302185
3.6238787 11.605218
3.7580965 11.575217
3.8923142 11.555217
4.0265317 11.530216
4.1607494 11.510216
4.294967 11.495215
4.294967 11.470215
4.429185 11.440214
4.5634027 11.420214
4.6976204 11.405213
4.831838 11.375213
4.966056 11.360212
5.1002736 11.335212
5.2344913 11.300211
5.2344913 11.285211
5.368709 11.26021
5.502927 11.24021
5.6371446 11.220209
5.7713623 11.200209
5.90558 11.175208
6.039798 11.155208
6.1740155 11.135207
6.3082333 11.1052065
6.3082333 11.080206
6.442451 11.060205
6.5766687 11.060205
