0.8053064 70.00117
13.287555 70.00117
25.501368 70.00117
37.715183 70.00117
50.063213 70.00117
62.411243 70.00117
74.35662 14.415282
84.288734 13.630264
92.3418 12.925248
97.97894 12.880247
100.12643 12.815246
102.67656 12.760244
104.95826 12.705243
107.10574 12.645242
109.25323 12.595241
111.40071 12.540239
113.68242 12.490238
115.8299 12.425237
117.97739 12.375236
120.25909 12.320234
122.40657 12.2852335
124.41983 12.245233
126.4331 12.205232
128.84901 12.170231
130.9965 12.12023
133.00977 12.080229
135.02304 12.040228
137.30473 12.010227
139.58644 11.960226
141.5997 11.915225
143.7472 11.870224
145.76045 11.835223
148.04216 11.800222
150.18964 11.785222
152.33713 11.755221
154.4846 11.735221
156.6321 11.71022
158.64536 11.68522
160.65862 11.68022
162.94032 11.645219
165.0878 11.6302185
167.23529 11.605218
169.24855 11.580217
171.39604 11.560217
173.4093 11.535216
175.42258 11.515216
177.43584 11.485215
179.31488 11.460215
181.32816 11.440214
183.2072 11.420214
185.22046 11.395213
187.36795 11.370213
189.51543 11.345212
191.79713 11.320211
193.94461 11.300211
196.0921 11.27521
198.10536 11.26521
200.25285 11.225209
202.40033 11.210209
204.54782 11.190208
206.56108 11.170208
208.70857 11.1502075
210.85605 11.1502075
