0.4026532 29.168108
5.2344913 27.06846
10.06633 25.233768
14.495515 23.629038
18.790482 22.214275
22.951231 20.949488
26.709328 19.819677
30.064772 18.79485
33.285995 17.880003
36.238785 17.030146
39.191578 16.265274
42.010147 15.560308
44.82872 14.920294
47.513077 14.31528
50.063213 13.760267
52.61335 13.245255
54.760834 12.7652445
57.042534 12.310234
59.190018 12.280233
61.3375 12.230232
63.6192 12.200232
65.63247 12.14523
67.77995 12.11523
69.92744 12.070229
72.20914 12.035228
74.35662 12.000227
76.504105 11.975226
78.51737 11.950226
80.79907 11.920225
83.08077 11.895225
85.22826 11.885224
87.37574 11.865224
89.38901 11.840223
91.53649 11.825223
93.81819 11.815223
96.09989 11.795222
98.11316 11.780222
100.26064 11.7602215
102.27391 11.740221
104.28718 11.725221
106.43466 11.71022
108.71636 11.69522
110.99806 11.68022
113.145546 11.67522
115.29303 11.655219
117.44051 11.635219
119.588 11.625218
121.601265 11.610218
123.614525 11.590218
125.76201 11.580217
128.04372 11.560217
130.32541 11.540216
132.4729 11.535216
134.62038 11.515216
136.76787 11.505216
138.78113 11.490215
140.7944 11.470215
142.80766 11.450214
144.82092 11.425214
146.8342 11.420214
148.71324 11.405213
150.7265 11.405213
