0.26843545 25.503723
0.5368709 24.618872
0.8053064 23.779013
1.0737418 23.009142
1.2079595 22.284264
1.476395 21.58938
1.7448305 20.949488
1.8790482 20.324593
2.1474836 19.764687
2.2817013 19.219778
2.415919 18.704865
2.6843545 18.209948
2.8185723 17.740026
2.95279 17.3001
3.2212255 16.870173
3.3554432 16.47024
3.489661 16.080305
3.6238787 15.710312
3.8923142 15.350304
4.0265317 15.015296
4.1607494 14.685288
4.294967 14.370281
4.429185 14.075274
4.5634027 13.785268
4.6976204 13.505261
4.831838 13.235255
4.966056 12.9852495
5.1002736 12.745244
5.2344913 12.505239
5.368709 12.290234
5.502927 12.060228
5.6371446 11.850224
5.7713623 11.660219
5.90558 11.645219
5.90558 11.640219
6.039798 11.6302185
6.1740155 11.625218
6.3082333 11.610218
6.442451 11.610218
