0.26843545 42.33484
0.5368709 40.349415
0.8053064 38.534027
0.9395241 36.898678
1.2079595 35.36335
1.3421773 33.96305
1.476395 32.662773
1.7448305 31.432728
1.8790482 30.312916
2.0132658 29.283089
2.1474836 28.338247
2.415919 27.4284
2.5501368 26.59354
2.6843545 25.808672
2.8185723 25.068796
3.0870078 24.373913
3.2212255 23.724022
3.3554432 23.094128
3.489661 22.529222
3.6238787 21.974316
3.7580965 21.434406
3.8923142 20.904495
4.0265317 20.439573
4.1607494 19.959654
4.294967 19.529726
4.429185 19.099798
4.5634027 18.709864
4.6976204 18.304932
4.831838 17.934994
4.966056 17.60005
4.966056 17.24011
5.1002736 16.910166
5.2344913 16.595219
5.368709 16.28527
5.502927 15.985318
5.502927 15.715312
5.6371446 15.440306
5.7713623 15.160299
5.7713623 14.915294
5.90558 14.675288
6.039798 14.675288
