0.26843545 24.643867
0.4026532 23.574047
0.67108864 22.584213
0.9395241 21.674366
1.0737418 20.824509
1.2079595 20.03964
1.476395 19.314762
1.6106128 18.629877
1.7448305 18.579885
2.0132658 18.534893
2.1474836 18.4949
2.2817013 18.464905
2.5501368 18.43491
2.6843545 18.419912
2.8185723 18.394917
3.0870078 18.37992
3.2212255 18.344925
3.489661 18.329927
3.6238787 18.299932
3.7580965 18.279936
4.0265317 18.264938
4.1607494 18.229944
4.294967 18.209948
4.5634027 18.179953
4.6976204 18.164955
4.831838 18.13996
5.1002736 18.109964
5.2344913 18.094967
5.368709 18.069971
5.502927 18.044975
5.7713623 18.024979
5.90558 17.999983
6.1740155 17.974987
6.3082333 17.95499
6.442451 17.929995
6.7108865 17.909998
6.845104 17.890001
6.979322 17.860006
7.1135397 17.845009
7.381975 17.820013
7.516193 17.795017
7.7846284 17.765022
7.918846 17.740026
8.053063 17.725029
8.321499 17.695034
8.455717 17.680037
8.589934 17.640043
8.85837 17.630045
8.992588 17.60505
9.126805 17.580053
9.2610235 17.565056
9.529459 17.53506
9.663676 17.510065
9.7978945 17.490068
9.932112 17.47507
10.200547 17.450075
10.334765 17.42508
10.468983 17.395084
10.737418 17.375088
10.871636 17.350092
11.140072 17.320097
11.274289 17.3051
11.408507 17.275105
11.542725 17.275105
