0.26843545 16.915165
0.4026532 16.275272
0.5368709 15.660311
0.67108864 15.115298
0.8053064 15.060297
1.0737418 15.035296
1.2079595 14.980295
1.3421773 14.955295
1.476395 14.925294
1.6106128 14.900293
1.7448305 14.880293
2.0132658 14.845292
2.1474836 14.815291
2.2817013 14.785291
2.415919 14.75029
2.5501368 14.725289
2.6843545 14.705289
2.95279 14.675288
3.0870078 14.6452875
3.2212255 14.625287
3.3554432 14.580286
3.489661 14.555285
3.6238787 14.520285
3.8923142 14.500284
4.0265317 14.465283
4.1607494 14.440283
4.294967 14.400282
4.429185 14.375281
4.5634027 14.33528
4.831838 14.31528
4.966056 14.285279
5.1002736 14.255279
5.2344913 14.220278
5.368709 14.185277
5.502927 14.150276
5.6371446 14.125276
5.7713623 14.095275
5.90558 14.055274
6.039798 14.025273
6.1740155 13.9902725
6.3082333 13.960272
6.442451 13.920271
6.5766687 13.905271
6.7108865 13.86027
6.979322 13.850269
6.979322 13.835269
7.1135397 13.8152685
7.381975 13.800268
7.516193 13.790268
7.6504107 13.7702675
7.7846284 13.750267
7.918846 13.750267
