0.4026532 70.00117
5.90558 26.313587
11.140072 25.688692
16.777216 25.6437
21.072184 25.028803
25.098715 24.468897
28.722593 23.898993
31.675385 23.37408
34.22552 22.869165
36.373005 22.36425
38.52049 21.89433
40.667973 21.454403
42.54702 21.019476
44.29185 20.609545
46.1709 20.214611
47.91573 19.834675
49.794777 19.44974
51.40539 19.099798
53.016003 18.754856
54.89505 18.43491
56.63988 18.099966
58.384712 18.089968
59.995323 18.07497
61.471718 18.049974
63.082333 18.034977
64.69295 18.01498
66.30356 17.994984
68.048386 17.979986
69.79322 17.95999
71.269615 17.929995
72.880226 17.914997
74.49084 17.895
76.10145 17.870005
77.84628 17.845009
79.59111 17.830011
81.067505 17.810015
82.5439 17.790018
84.15452 17.755024
85.899345 17.745026
87.64417 17.72003
89.120575 17.695034
90.731186 17.675037
92.3418 17.65504
94.086624 17.640043
95.56302 17.620047
97.17364 17.590052
98.78425 17.560057
100.529076 17.54506
102.00547 17.520063
103.481865 17.505066
105.2267 17.48507
106.83731 17.470072
108.313705 17.450075
109.92432 17.435078
111.66915 17.415081
113.145546 17.395084
114.62194 17.380087
116.36677 17.340094
117.70895 17.315098
119.31956 17.295101
120.930176 17.280104
122.40657 17.255108
124.01718 17.230112
125.62779 17.215115
127.10419 17.210115
128.58058 17.190119
130.32541 17.165123
131.8018 17.140127
133.41241 17.110132
135.02304 17.090136
136.49944 17.06514
138.11005 17.050142
139.58644 17.030146
141.19705 17.010149
142.80766 17.00015
144.28406 16.985153
145.89467 16.975155
147.37106 16.975155
