0.26843545 19.039808
3.489661 18.364922
6.7108865 18.299932
9.932112 18.244942
12.884902 18.19495
15.9719095 18.144958
19.058918 18.094967
22.145926 18.01998
25.367151 17.964989
28.588377 17.909998
31.8096 17.860006
35.030827 17.800016
38.252052 17.735027
41.20484 17.675037
44.29185 17.630045
47.378857 17.565056
50.465866 17.510065
53.68709 17.450075
56.63988 17.390085
59.59267 17.330095
62.54546 17.280104
65.766685 17.215115
68.719475 17.195118
71.80649 17.190119
74.89349 17.170122
77.84628 17.155125
80.79907 17.135128
84.020294 17.12013
86.97309 17.12013
