0.13421772 23.174114
4.0265317 21.4744
7.7846284 19.994648
11.274289 18.689867
14.361297 17.54506
17.314087 16.52523
19.998442 15.62531
22.682796 14.800291
25.232933 14.75029
27.78307 14.685288
30.198988 14.665288
32.614906 14.640287
35.165043 14.615287
37.580963 14.575286
39.996883 14.545285
42.412804 14.530285
45.097157 14.490284
47.647293 14.465283
50.19743 14.435283
52.747566 14.410282
55.297703 14.375281
57.84784 14.355281
60.397976 14.33028
62.948116 14.2952795
65.49825 14.270279
68.18261 14.245278
70.598526 14.225278
72.880226 14.185277
75.29614 14.155276
77.84628 14.135276
80.396416 14.100275
83.08077 14.070274
85.76513 14.040274
88.31526 14.020273
90.731186 13.985272
93.1471 13.960272
95.56302 13.935271
98.11316 13.90027
100.6633 13.87527
103.34765 13.855269
105.76357 13.825269
108.17949 13.800268
110.595406 13.760267
113.145546 13.740267
115.56146 13.715266
117.97739 13.685266
120.52752 13.685266
