0.8053064 70.00117
1.6106128 70.00117
2.2817013 70.00117
2.8185723 70.00117
3.489661 70.00117
3.6238787 13.165254
3.7580965 12.680243
3.8923142 12.225232
4.0265317 12.175231
4.294967 12.165231
4.294967 12.13023
4.429185 12.095229
4.5634027 12.085229
4.831838 12.055228
4.831838 12.025228
4.966056 12.010227
5.2344913 12.005227
5.368709 11.995227
5.368709 11.990227
5.502927 11.975226
5.6371446 11.970226
5.90558 11.965226
5.90558 11.955226
6.039798 11.945226
6.1740155 11.940226
6.3082333 11.930225
6.442451 11.925225
6.5766687 11.915225
6.7108865 11.905225
6.845104 11.895225
6.979322 11.885224
7.1135397 11.875224
7.2477574 11.870224
7.381975 11.860224
7.516193 11.850224
7.6504107 11.835223
7.7846284 11.825223
7.918846 11.810223
8.053063 11.795222
8.187282 11.785222
8.321499 11.775222
8.455717 11.755221
8.589934 11.750221
8.724153 11.740221
8.85837 11.71522
8.992588 11.70522
9.126805 11.69522
9.2610235 11.68522
9.395241 11.67522
9.529459 11.655219
9.529459 11.640219
9.663676 11.6302185
9.7978945 11.620218
9.932112 11.605218
10.06633 11.595218
10.200547 11.580217
10.334765 11.570217
10.468983 11.570217
