0.13421772 18.649874
3.3554432 17.285103
6.442451 16.1153
9.2610235 15.100298
11.676942 14.195277
14.227079 13.380259
16.508781 12.655242
18.790482 12.005227
20.803747 11.950226
22.817015 11.890224
24.83028 11.835223
26.977764 11.780222
29.125246 11.730221
31.138514 11.665219
33.15178 11.615218
35.299263 11.560217
37.17831 11.500216
39.191578 11.470215
41.33906 11.430214
43.21811 11.400213
45.231373 11.365212
47.378857 11.325212
49.257908 11.310211
51.27117 11.295211
53.15022 11.2802105
55.163486 11.26521
57.042534 11.25021
59.0558 11.25021
