0.5368709 42.919964
7.381975 39.774292
14.092861 37.04371
20.803747 34.643196
26.709328 32.542747
32.212254 30.662857
37.580963 28.993137
42.681236 27.48839
47.647293 26.12362
52.210697 24.86883
56.505665 23.754017
60.666412 22.704193
64.42451 21.754353
68.316826 20.869501
72.07492 20.054638
75.6988 19.289766
78.92002 18.579885
82.40968 17.929995
85.4967 17.320097
88.449486 17.285103
91.26806 17.250109
94.355064 17.220114
97.17364 17.18512
100.12643 17.155125
103.21343 17.12513
106.43466 17.085136
109.52167 17.050142
112.74289 17.020147
115.8299 16.990152
119.051125 16.960157
122.13813 16.925163
125.09092 16.89017
127.90949 16.855175
130.59386 16.815182
133.2782 16.800184
136.23099 16.785187
139.04956 16.775188
142.00235 16.755192
144.82092 16.740194
147.77371 16.725197
150.7265 16.7102
153.6793 16.690203
156.6321 16.690203
