0.26843545 26.963478
0.5368709 25.708689
0.8053064 24.56888
1.0737418 23.504059
1.2079595 22.529222
1.476395 21.619375
1.7448305 20.794514
1.8790482 20.014645
2.1474836 19.299765
2.2817013 18.60988
2.415919 18.574886
2.6843545 18.524895
2.8185723 18.4899
3.0870078 18.449907
3.2212255 18.394917
3.3554432 18.344925
3.6238787 18.304932
3.7580965 18.25994
4.0265317 18.224945
4.1607494 18.19495
4.294967 18.144958
4.5634027 18.084969
4.6976204 18.049974
4.966056 18.004982
5.1002736 17.949991
5.2344913 17.919996
5.502927 17.860006
5.6371446 17.825012
5.7713623 17.785019
5.90558 17.735027
6.1740155 17.695034
6.3082333 17.675037
6.5766687 17.650042
6.7108865 17.625046
6.845104 17.60005
6.979322 17.580053
7.2477574 17.555058
7.381975 17.555058
