0.13421772 14.420282
0.26843545 13.615264
0.4026532 12.895247
0.5368709 12.855247
0.67108864 12.805245
0.8053064 12.770245
0.8053064 12.735244
0.9395241 12.690243
1.2079595 12.660242
1.3421773 12.5902405
1.476395 12.55524
1.476395 12.515239
1.6106128 12.475238
1.7448305 12.430237
1.8790482 12.385236
2.0132658 12.335235
2.1474836 12.300234
2.2817013 12.260233
2.415919 12.235232
2.5501368 12.200232
2.6843545 12.175231
2.8185723 12.160231
2.95279 12.13523
2.95279 12.105229
3.0870078 12.085229
3.2212255 12.055228
3.3554432 12.035228
3.489661 12.015227
3.6238787 12.000227
3.7580965 11.965226
3.8923142 11.950226
4.0265317 11.920225
4.1607494 11.900225
4.1607494 11.880224
4.294967 11.855224
4.429185 11.835223
4.5634027 11.8052225
4.6976204 11.785222
4.831838 11.765222
4.966056 11.750221
5.1002736 11.725221
5.2344913 11.68522
5.368709 11.665219
5.502927 11.640219
5.6371446 11.640219
