0.26843545 70.00117
6.1740155 38.108936
11.945377 38.07893
17.179869 36.72864
22.41436 35.50838
27.380417 34.353134
31.943819 33.277905
36.10457 32.302696
39.862667 31.342743
43.352325 30.432896
46.305115 29.56804
49.392124 28.748178
52.210697 27.983307
55.297703 27.24843
57.84784 26.548548
60.397976 25.87866
62.67968 25.248766
65.0956 24.638868
67.51152 24.078962
69.79322 23.514057
72.07492 22.979147
74.49084 22.474232
76.504105 21.974316
78.383156 21.509394
80.2622 21.05947
82.14125 20.629541
84.15452 20.209612
85.899345 19.824677
87.7784 19.454739
89.523224 19.074802
91.26806 18.714863
92.87867 18.36992
94.355064 18.029978
95.965675 17.710032
97.44207 17.685036
99.05268 17.65504
100.797516 17.630045
102.27391 17.615047
103.88452 17.580053
105.49513 17.560057
107.10574 17.53506
108.582146 17.510065
110.19276 17.48507
111.80337 17.470072
113.548195 17.455074
115.02459 17.450075
116.63521 17.430079
118.380035 17.430079
