0.13421772 24.723854
0.4026532 23.91399
0.67108864 23.149118
0.9395241 22.42924
1.2079595 21.76935
1.476395 21.124458
1.6106128 20.51456
1.8790482 19.959654
2.1474836 19.409746
2.2817013 18.899832
2.5501368 18.399916
2.6843545 17.95499
2.95279 17.510065
3.0870078 17.090136
3.2212255 16.685204
3.3554432 16.295269
3.6238787 15.935317
3.7580965 15.570309
3.8923142 15.245301
4.0265317 14.910294
4.294967 14.595286
4.429185 14.30028
4.5634027 14.015273
4.6976204 13.735267
4.831838 13.495261
4.966056 13.225255
5.1002736 12.99025
5.2344913 12.7652445
5.502927 12.540239
5.502927 12.320234
5.7713623 12.1102295
5.90558 12.095229
6.039798 12.095229
6.039798 12.085229
6.1740155 12.080229
6.442451 12.065228
6.5766687 12.060228
6.5766687 12.050228
6.845104 12.050228
6.979322 12.035228
7.1135397 12.035228
7.1135397 12.030228
7.2477574 12.020227
7.516193 12.000227
7.6504107 12.000227
