0.26843545 23.329088
0.4026532 21.524391
0.67108864 19.954655
0.8053064 18.594883
0.9395241 18.499899
1.2079595 18.42991
1.3421773 18.344925
1.476395 18.284935
1.7448305 18.239943
1.8790482 18.19995
2.0132658 18.154957
2.2817013 18.099966
2.415919 18.064972
2.5501368 18.01998
2.6843545 17.984985
2.95279 17.929995
3.0870078 17.885002
3.2212255 17.84001
3.3554432 17.800016
3.6238787 17.745026
3.7580965 17.700033
3.8923142 17.66004
4.1607494 17.615047
4.294967 17.570055
4.429185 17.515064
4.6976204 17.47507
4.831838 17.435078
4.966056 17.380087
5.1002736 17.335094
5.368709 17.295101
5.502927 17.24511
5.6371446 17.200117
5.7713623 17.160124
6.039798 17.105133
6.1740155 17.06514
6.3082333 17.020147
6.442451 16.970156
6.5766687 16.930162
6.845104 16.895168
6.979322 16.845177
7.1135397 16.800184
7.2477574 16.755192
7.381975 16.700201
7.6504107 16.655209
7.7846284 16.655209
