0.26843545 28.08829
0.5368709 24.488894
0.67108864 21.674366
0.9395241 19.424744
1.0737418 17.585052
1.2079595 16.040312
1.3421773 14.7752905
1.476395 13.685266
1.6106128 12.760244
1.7448305 12.730244
1.8790482 12.685243
2.0132658 12.660242
2.1474836 12.625241
2.2817013 12.600241
2.415919 12.57024
2.5501368 12.530239
2.6843545 12.500238
2.8185723 12.475238
2.8185723 12.450237
2.95279 12.415236
3.0870078 12.365235
3.2212255 12.350235
3.3554432 12.320234
3.489661 12.290234
3.6238787 12.255233
3.7580965 12.225232
3.8923142 12.195231
4.0265317 12.170231
4.1607494 12.13523
4.1607494 12.105229
4.294967 12.080229
4.429185 12.050228
4.5634027 12.010227
4.6976204 11.985227
4.831838 11.955226
4.966056 11.910225
5.1002736 11.880224
5.2344913 11.845223
5.368709 11.815223
5.502927 11.785222
5.6371446 11.7602215
5.6371446 11.730221
5.7713623 11.730221
