0.67108864 70.00117
1.476395 70.00117
2.1474836 70.00117
2.95279 70.00117
3.7580965 70.00117
4.5634027 70.00117
4.831838 27.813335
5.1002736 26.938482
5.368709 26.088625
5.6371446 25.22877
5.90558 24.548883
6.1740155 23.849
6.3082333 23.20411
6.5766687 22.594212
6.7108865 21.969316
6.979322 21.449404
7.2477574 20.93949
7.381975 20.449572
7.6504107 19.98465
7.7846284 19.539724
8.053063 19.104797
8.187282 18.704865
8.321499 18.30993
8.589934 17.939993
8.724153 17.575054
8.85837 17.220114
9.126805 16.88517
9.2610235 16.575222
9.395241 16.265274
9.529459 15.970318
9.7978945 15.670311
9.932112 15.390305
10.06633 15.140299
10.200547 14.870293
10.334765 14.625287
10.468983 14.620287
10.603201 14.615287
10.737418 14.605287
10.871636 14.590286
11.140072 14.590286
