0.5368709 70.00117
0.9395241 70.00117
1.476395 70.00117
1.8790482 70.00117
2.1474836 41.76972
2.2817013 38.188953
2.5501368 35.158306
2.6843545 32.532745
2.95279 30.302917
2.95279 28.37824
3.2212255 26.668528
3.3554432 25.128786
3.489661 23.789011
3.6238787 22.54422
3.7580965 22.504227
3.8923142 22.454235
4.0265317 22.359251
4.1607494 22.329256
4.294967 22.264267
4.429185 22.209276
4.5634027 22.159285
4.6976204 22.099295
4.966056 22.054302
5.1002736 21.974316
5.2344913 21.914326
5.368709 21.914326
