0.13421772 18.349924
2.0132658 17.160124
3.8923142 16.1053
5.6371446 15.1753
7.2477574 14.345281
8.724153 13.600264
11.274289 13.570263
15.435039 13.545262
18.522047 13.525262
22.682796 13.520262
24.83028 13.495261
29.259464 13.475261
31.8096 13.45526
36.238785 13.44526
39.325794 13.410259
43.08389 13.405259
46.841988 13.405259
51.27117 13.405259
55.02927 13.405259
59.324234 13.405259
63.21655 13.405259
67.51152 13.405259
71.269615 13.405259
75.56458 13.405259
79.456894 13.405259
83.617645 13.405259
87.37574 13.405259
