0.13421772 70.00117
0.5368709 70.00117
1.0737418 70.00117
1.6106128 70.00117
1.8790482 70.00117
2.2817013 70.00117
2.415919 15.030296
2.5501368 14.990295
2.5501368 14.975295
2.6843545 14.940294
2.8185723 14.890293
2.8185723 14.865293
2.95279 14.830292
3.0870078 14.795291
3.2212255 14.75529
3.2212255 14.710289
3.3554432 14.675288
3.489661 14.625287
3.6238787 14.590286
3.6238787 14.545285
3.7580965 14.500284
3.8923142 14.465283
4.0265317 14.415282
4.0265317 14.360281
4.1607494 14.33028
4.294967 14.270279
4.294967 14.270279
