0.26843545 22.499228
0.4026532 20.949488
0.67108864 19.594715
0.8053064 18.389917
0.9395241 17.325096
1.0737418 16.360258
1.3421773 15.485307
1.476395 15.440306
1.6106128 15.385304
1.7448305 15.335303
1.8790482 15.275302
2.0132658 15.220301
2.1474836 15.1753
2.2817013 15.110298
2.415919 15.060297
2.6843545 15.020296
2.8185723 15.005296
2.95279 14.970295
3.0870078 14.945294
3.2212255 14.920294
3.3554432 14.890293
3.6238787 14.870293
3.7580965 14.835292
3.8923142 14.810291
4.0265317 14.780291
4.1607494 14.75029
4.294967 14.730289
4.429185 14.685288
4.5634027 14.665288
4.831838 14.640287
4.966056 14.610287
5.1002736 14.590286
5.2344913 14.555285
5.368709 14.525285
5.502927 14.505284
5.6371446 14.475284
5.7713623 14.440283
5.90558 14.415282
6.039798 14.385282
6.1740155 14.375281
6.442451 14.33028
6.5766687 14.31028
6.7108865 14.275279
6.845104 14.245278
6.979322 14.235278
7.1135397 14.195277
7.2477574 14.165277
7.516193 14.140276
7.6504107 14.110275
7.7846284 14.085275
7.918846 14.060274
8.053063 14.020273
8.187282 14.005273
8.321499 13.975272
8.455717 13.940271
8.589934 13.940271
