0.26843545 33.462944
6.039798 29.788004
11.408507 26.813503
15.837692 24.363914
19.998442 22.324257
23.890755 20.569551
27.514635 19.059805
30.735859 17.735027
33.82287 17.630045
36.909874 17.525063
39.996883 17.42008
42.949673 17.310099
46.036682 17.230112
48.98947 17.160124
52.076477 17.095135
54.89505 17.015148
57.98206 16.985153
60.800632 16.955158
63.887638 16.915165
66.84043 16.89017
69.92744 16.860174
72.74601 16.82518
76.10145 16.790186
79.054245 16.745193
82.007034 16.720198
84.95982 16.675205
87.7784 16.675205
