0.67108864 70.00117
1.3421773 70.00117
1.8790482 70.00117
2.1474836 16.210283
2.2817013 15.080297
2.415919 15.010296
2.5501368 14.9502945
2.6843545 14.895293
2.8185723 14.845292
2.95279 14.7752905
3.0870078 14.720289
3.2212255 14.655288
3.489661 14.580286
3.6238787 14.525285
3.7580965 14.4702835
3.8923142 14.405282
4.0265317 14.33028
4.1607494 14.275279
4.294967 14.205277
4.429185 14.130276
4.5634027 14.070274
4.6976204 14.010273
4.831838 13.930271
5.1002736 13.87027
5.2344913 13.795268
5.368709 13.765267
5.502927 13.725266
5.6371446 13.690266
5.7713623 13.670265
5.90558 13.615264
6.039798 13.580263
6.1740155 13.550262
6.3082333 13.510262
6.442451 13.475261
6.5766687 13.475261
