0.8053064 70.00117
1.476395 70.00117
2.2817013 70.00117
2.95279 70.00117
3.7580965 70.00117
4.5634027 70.00117
5.2344913 70.00117
6.039798 70.00117
6.845104 70.00117
7.516193 70.00117
8.321499 70.00117
8.589934 18.829844
8.724153 18.764854
8.992588 18.714863
9.126805 18.634876
9.395241 18.589884
9.529459 18.524895
9.663676 18.474903
9.7978945 18.399916
9.932112 18.334927
10.200547 18.284935
10.334765 18.219946
10.603201 18.164955
10.737418 18.094967
10.871636 18.029978
11.140072 17.974987
11.274289 17.904999
11.408507 17.84001
11.542725 17.77502
11.81116 17.705032
11.945377 17.650042
12.079596 17.590052
12.348031 17.510065
12.482248 17.460073
12.6164665 17.390085
12.884902 17.330095
13.019119 17.290102
13.287555 17.265106
13.421773 17.235111
13.55599 17.190119
13.824426 17.160124
13.958644 17.130129
14.092861 17.090136
14.227079 17.050142
14.361297 17.025146
14.629732 16.990152
14.76395 16.965157
14.898168 16.935162
15.166603 16.900167
15.300821 16.865173
15.435039 16.82518
15.569257 16.82518
