0.26843545 27.453396
0.5368709 25.618704
0.8053064 24.013973
0.9395241 22.594212
1.2079595 21.304428
1.3421773 20.169619
1.476395 19.124794
1.7448305 19.059805
1.8790482 19.004814
2.0132658 18.944824
2.2817013 18.879835
2.415919 18.814846
2.6843545 18.759855
2.8185723 18.699865
2.95279 18.624878
3.2212255 18.574886
3.3554432 18.499899
3.489661 18.439909
3.7580965 18.37992
3.8923142 18.31493
4.1607494 18.24994
4.294967 18.174953
4.429185 18.114964
4.6976204 18.049974
4.831838 18.01998
4.966056 17.974987
5.1002736 17.95499
5.368709 17.909998
5.502927 17.885002
5.6371446 17.855007
5.7713623 17.815014
6.039798 17.785019
6.1740155 17.740026
6.3082333 17.710032
6.5766687 17.675037
6.7108865 17.640043
6.845104 17.610048
7.1135397 17.565056
7.2477574 17.54506
7.381975 17.520063
7.6504107 17.47507
7.7846284 17.445076
7.918846 17.405083
8.053063 17.370089
8.321499 17.330095
8.455717 17.3001
8.589934 17.265106
8.85837 17.230112
8.992588 17.200117
9.126805 17.155125
9.2610235 17.135128
9.529459 17.100134
9.663676 17.06514
9.7978945 17.035145
10.06633 16.995152
10.200547 16.955158
10.334765 16.925163
10.603201 16.89017
10.737418 16.89017
