0.26843545 18.524895
0.4026532 17.395084
0.5368709 16.385254
0.67108864 15.465306
0.8053064 14.670288
0.9395241 14.640287
1.2079595 14.620287
1.3421773 14.595286
1.476395 14.565286
1.6106128 14.530285
1.7448305 14.510284
1.8790482 14.4702835
2.0132658 14.450283
2.1474836 14.430283
2.2817013 14.400282
2.5501368 14.370281
2.5501368 14.340281
2.8185723 14.31028
2.95279 14.285279
3.0870078 14.260279
3.2212255 14.220278
3.3554432 14.205277
3.6238787 14.170277
3.7580965 14.145276
3.8923142 14.1202755
4.1607494 14.085275
4.294967 14.060274
4.429185 14.035274
4.5634027 14.010273
4.831838 13.975272
4.966056 13.9452715
5.1002736 13.920271
5.2344913 13.88527
5.502927 13.87027
5.6371446 13.87027
