0.4026532 70.00117
0.8053064 70.00117
1.2079595 70.00117
1.7448305 70.00117
2.0132658 70.00117
2.2817013 70.00117
2.6843545 70.00117
3.0870078 70.00117
3.489661 70.00117
4.0265317 70.00117
4.1607494 21.699362
4.294967 21.659369
4.429185 21.604378
4.5634027 21.569384
4.6976204 21.499395
4.831838 21.444405
4.966056 21.379416
5.1002736 21.339422
5.2344913 21.274433
5.368709 21.214443
5.502927 21.149454
5.6371446 21.104462
5.7713623 21.04947
5.90558 20.984482
6.039798 20.914494
6.1740155 20.839506
6.3082333 20.779516
6.442451 20.714527
6.5766687 20.714527
