0.4026532 70.00117
4.6976204 24.538885
8.321499 23.634037
11.274289 22.794178
13.421773 22.709192
15.569257 22.629206
17.71674 22.534222
19.595789 22.454235
21.474836 22.354252
23.488102 22.269266
25.635586 22.18928
27.648851 22.104294
29.796335 22.014309
31.675385 21.939322
33.554432 21.849337
35.701916 21.76435
37.580963 21.719358
39.59423 21.634373
41.607494 21.579382
43.486546 21.53439
45.49981 21.489397
47.513077 21.404411
49.392124 21.364418
51.539608 21.319426
53.28444 21.269434
55.297703 21.214443
57.176754 21.149454
59.0558 21.10946
60.93485 21.034473
62.948116 21.024475
64.69295 21.004478
66.70621 20.989481
68.58526 20.964485
70.46431 20.949488
72.34335 20.924492
74.35662 20.924492
