0.26843545 32.36771
5.7713623 29.678022
11.005854 27.403404
15.837692 25.433735
20.13266 23.724022
24.159191 22.214275
28.185722 20.864502
31.943819 19.6897
35.299263 18.60988
38.52049 17.640043
41.473278 17.560057
44.694504 17.48007
47.647293 17.42008
50.734303 17.375088
53.82131 17.330095
56.774097 17.260107
59.861107 17.215115
62.948116 17.155125
66.035126 17.110132
68.987915 17.040144
72.07492 16.995152
74.89349 16.970156
77.9805 16.95016
80.93329 16.935162
84.020294 16.910166
86.97309 16.88517
90.0601 16.870173
93.012886 16.855175
96.09989 16.83018
99.05268 16.805183
102.00547 16.775188
105.09248 16.750193
107.91106 16.750193
