0.26843545 47.655975
8.053063 40.909534
14.495515 35.803444
20.266876 31.822662
25.367151 28.633198
30.198988 26.013638
34.493958 23.809008
38.252052 21.929323
42.010147 20.319593
45.231373 18.934826
48.184166 18.859838
51.27117 18.779852
54.626614 18.704865
57.579407 18.624878
60.666412 18.55489
63.75342 18.479902
66.84043 18.399916
69.92744 18.324928
72.880226 18.264938
76.10145 18.229944
79.054245 18.179953
82.14125 18.129961
85.09404 18.084969
88.181046 18.039976
91.133835 17.989985
94.086624 17.944992
97.17364 17.9
100.12643 17.855007
103.21343 17.810015
106.16622 17.770021
108.984795 17.71503
112.0718 17.675037
115.02459 17.620047
117.84316 17.575054
120.930176 17.530062
123.882965 17.48507
126.835754 17.435078
129.78854 17.395084
132.74133 17.350092
135.82834 17.3051
138.78113 17.260107
141.5997 17.205116
144.55249 17.155125
147.50528 17.12013
150.45807 17.06514
153.41086 17.025146
156.22943 16.975155
159.048 16.925163
162.0008 16.925163
