0.26843545 31.66269
2.8185723 30.132946
5.502927 28.763176
7.918846 27.478392
10.334765 26.313587
12.884902 25.22877
15.166603 24.218939
17.179869 23.334087
19.193134 22.529222
21.206402 21.76935
23.08545 21.749353
25.098715 21.739355
26.977764 21.70936
28.856812 21.694363
30.870077 21.674366
32.883343 21.65437
34.76239 21.634373
36.64144 21.624374
38.788925 21.59438
40.533752 21.584381
42.54702 21.554386
44.560287 21.53439
46.439335 21.519392
48.318382 21.499395
50.19743 21.4694
52.076477 21.449404
54.089745 21.434406
55.834576 21.404411
57.713623 21.394413
59.72689 21.359419
61.605938 21.359419
