0.0 15.670311
0.26843545 15.305303
0.4026532 14.980295
0.5368709 14.660288
0.67108864 14.350281
0.8053064 14.050274
0.9395241 13.760267
1.0737418 13.485261
1.2079595 13.220255
1.3421773 12.965249
1.476395 12.730244
1.6106128 12.475238
1.7448305 12.255233
1.8790482 12.035228
2.0132658 11.810223
2.1474836 11.790222
2.2817013 11.790222
2.415919 11.770222
2.5501368 11.750221
2.6843545 11.745221
2.6843545 11.730221
2.8185723 11.720221
2.95279 11.71022
3.0870078 11.70022
3.2212255 11.68522
3.3554432 11.68522
3.489661 11.67522
3.6238787 11.665219
3.7580965 11.650219
3.8923142 11.650219
