0.26843545 26.628534
4.966056 25.693691
9.395241 24.80884
13.690208 23.97898
17.582521 23.219107
21.609055 22.48923
25.367151 21.809343
29.125246 21.149454
32.749126 20.554554
36.10457 19.969652
39.59423 19.434742
42.949673 18.919828
46.305115 18.42991
49.392124 17.969988
52.61335 17.525063
55.431923 17.090136
58.51893 16.690203
61.3375 16.310266
64.02186 15.930317
66.70621 15.580309
69.52478 15.235301
72.07492 14.915294
74.49084 14.595286
77.04098 14.30528
79.456894 14.025273
82.007034 13.735267
84.288734 13.475261
86.70465 13.225255
88.98635 12.975249
91.26806 12.745244
93.415535 12.520239
95.56302 12.2852335
97.7105 12.085229
99.72377 12.075229
102.00547 12.065228
104.152954 12.055228
106.30044 12.045228
108.17949 12.035228
110.32697 12.025228
112.47446 12.015227
114.75616 12.010227
116.769424 12.000227
118.78269 11.990227
120.930176 11.985227
123.07766 11.975226
125.22514 11.965226
127.2384 11.950226
129.25168 11.940226
131.39915 11.930225
133.54665 11.920225
135.69412 11.910225
137.70738 11.895225
139.72066 11.885224
141.86813 11.875224
144.14984 11.865224
146.02888 11.855224
148.17638 11.845223
150.32385 11.835223
152.47134 11.825223
154.35039 11.815223
156.36365 11.8052225
158.51114 11.795222
160.65862 11.785222
162.67189 11.775222
164.81937 11.765222
166.96686 11.755221
168.98012 11.745221
170.9934 11.735221
173.00665 11.720221
175.15413 11.71022
177.1674 11.70022
179.18066 11.69022
181.32816 11.68022
183.34142 11.670219
185.22046 11.660219
187.36795 11.650219
189.38121 11.640219
191.39449 11.6302185
193.54196 11.620218
195.68945 11.610218
197.5685 11.605218
199.58176 11.590218
201.72925 11.585217
203.74251 11.580217
205.75578 11.575217
207.90326 11.565217
209.91652 11.555217
211.9298 11.550217
214.07727 11.545217
216.09055 11.540216
218.1038 11.535216
220.11708 11.530216
222.13034 11.525216
224.1436 11.520216
226.15688 11.515216
228.17014 11.500216
230.31763 11.500216
