0.26843545 24.418905
4.429185 22.869165
8.589934 21.494396
12.482248 20.2846
16.240345 19.194782
19.46157 18.209948
22.548578 17.320097
25.501368 16.520231
28.454159 15.765313
31.27273 15.080297
33.957085 14.4702835
36.64144 13.89027
39.191578 13.340258
41.741714 12.855247
43.8892 12.395236
46.036682 11.960226
48.049946 11.940226
50.465866 11.920225
52.61335 11.895225
54.760834 11.875224
56.774097 11.855224
58.92158 11.835223
61.069065 11.810223
63.082333 11.785222
65.22981 11.770222
67.51152 11.750221
69.52478 11.730221
71.53805 11.70022
73.68553 11.68022
75.833015 11.660219
78.114716 11.6302185
80.12798 11.610218
82.14125 11.590218
84.42295 11.570217
86.570435 11.550217
88.5837 11.525216
90.731186 11.505216
92.74445 11.480215
94.75771 11.4552145
96.9052 11.435214
99.05268 11.405213
101.200165 11.395213
103.21343 11.380213
105.09248 11.380213
