0.26843545 25.318754
4.429185 24.74885
8.455717 24.20894
12.6164665 23.694027
16.374563 23.19411
20.266876 22.714191
24.024973 22.24427
27.78307 21.799345
31.406948 21.369417
35.030827 20.969484
38.52049 20.564552
41.741714 20.184616
45.231373 19.819677
48.318382 19.454739
51.673824 19.109797
54.89505 18.774853
57.84784 18.749857
60.93485 18.724861
63.887638 18.689867
66.84043 18.659872
69.92744 18.629877
73.14866 18.61488
76.36989 18.574886
79.59111 18.544891
82.81234 18.519896
85.899345 18.474903
89.120575 18.459906
92.20758 18.444908
95.4288 18.419912
98.65003 18.394917
101.73704 18.37492
104.82404 18.359922
107.91106 18.339926
110.99806 18.31493
114.08507 18.294933
117.17207 18.269938
120.25909 18.24994
123.34609 18.224945
126.567314 18.204948
129.65433 18.184952
132.74133 18.169954
135.82834 18.169954
138.78113 18.154957
141.73392 18.13496
144.6867 18.129961
147.6395 18.124962
150.59229 18.109964
153.6793 18.099966
156.76631 18.07997
159.7191 18.07997
162.8061 18.054974
165.89311 18.054974
169.11433 18.039976
172.20134 18.01998
175.15413 18.01498
178.10692 18.009981
181.05971 17.994984
184.01251 17.989985
187.09952 17.964989
190.0523 17.964989
193.13931 17.949991
196.36053 17.939993
199.58176 17.929995
202.40033 17.909998
205.35312 17.895
208.17169 17.895
211.12448 17.880003
214.21149 17.875004
217.29851 17.860006
220.51973 17.850008
223.47252 17.83501
226.42531 17.825012
229.24388 17.805016
232.33089 17.800016
235.4179 17.78002
238.5049 17.78002
241.5919 17.765022
244.41048 17.750025
247.36327 17.740026
250.31606 17.730028
253.40308 17.72003
256.6243 17.710032
259.5771 17.695034
262.52988 17.695034
265.48267 17.670038
268.43546 17.65504
271.52246 17.645042
274.60947 17.630045
277.42804 17.625046
280.38083 17.610048
283.33362 17.60005
286.42062 17.590052
289.3734 17.575054
292.3262 17.570055
295.279 17.550058
298.23178 17.54006
301.3188 17.53506
304.13736 17.515064
307.22437 17.500067
310.17715 17.495068
313.3984 17.48507
316.21698 17.47507
319.16977 17.465073
322.12256 17.450075
325.20956 17.445076
328.02814 17.42508
330.98093 17.42508
333.93372 17.400084
337.02072 17.385086
339.9735 17.380087
342.79208 17.370089
345.8791 17.355091
348.9661 17.345093
351.91888 17.330095
354.87167 17.330095
357.95868 17.310099
360.77725 17.3001
363.73004 17.295101
366.68283 17.270105
369.76984 17.255108
372.72263 17.255108
375.6754 17.24011
378.76242 17.235111
381.581 17.220114
384.53378 17.210115
387.6208 17.195118
390.43936 17.18512
393.39215 17.170122
396.47916 17.170122
399.29773 17.140127
402.25052 17.135128
405.33752 17.12513
408.1561 17.110132
410.97467 17.100134
414.06168 17.090136
417.0145 17.070139
419.9673 17.070139
423.0543 17.055141
425.87286 17.055141
428.82565 17.030146
431.91266 17.020147
434.73123 17.00515
437.81824 17.00515
