0.5368709 70.00117
1.2079595 70.00117
1.8790482 70.00117
2.6843545 70.00117
3.2212255 70.00117
3.3554432 12.845246
3.489661 11.945226
3.6238787 11.885224
3.7580965 11.835223
3.8923142 11.795222
4.0265317 11.750221
4.1607494 11.70522
4.294967 11.655219
4.429185 11.605218
4.5634027 11.550217
4.5634027 11.540216
4.6976204 11.515216
4.831838 11.500216
4.966056 11.475215
5.1002736 11.460215
5.2344913 11.440214
5.368709 11.420214
5.502927 11.400213
5.6371446 11.375213
5.6371446 11.350212
5.7713623 11.320211
5.90558 11.295211
6.039798 11.2802105
6.1740155 11.25521
6.3082333 11.225209
6.442451 11.195209
6.5766687 11.195209
