0.5368709 70.00117
6.7108865 70.00117
13.019119 70.00117
19.058918 25.978643
23.890755 23.61904
26.977764 21.659369
30.333206 19.974651
33.554432 18.519896
36.775658 17.290102
39.46001 17.235111
42.412804 17.135128
44.560287 17.050142
46.036682 16.965157
47.647293 16.895168
49.257908 16.815182
50.734303 16.760191
52.076477 16.715199
53.55287 16.665207
55.163486 16.630213
56.63988 16.58522
58.250492 16.540228
59.72689 16.495235
61.069065 16.450243
62.54546 16.400251
63.887638 16.340261
65.22981 16.29027
66.84043 16.29027
