0.13421772 19.069803
0.4026532 17.490068
0.5368709 16.145294
0.67108864 15.000296
0.8053064 14.015273
0.9395241 13.960272
1.0737418 13.90027
1.2079595 13.845269
1.3421773 13.785268
1.476395 13.730267
1.6106128 13.675265
1.7448305 13.605264
1.8790482 13.555263
2.0132658 13.530262
2.1474836 13.495261
2.2817013 13.475261
2.415919 13.45026
2.6843545 13.42526
2.6843545 13.405259
2.8185723 13.370258
2.95279 13.340258
3.2212255 13.310257
3.2212255 13.285256
3.3554432 13.265256
3.6238787 13.220255
3.7580965 13.220255
