0.4026532 70.00117
0.67108864 27.713352
0.9395241 25.838667
1.0737418 24.178946
1.3421773 22.72419
1.476395 21.419409
1.7448305 20.259604
1.8790482 19.219778
2.0132658 18.269938
2.2817013 17.415081
2.415919 16.625214
2.5501368 15.900316
2.6843545 15.235301
2.8185723 14.625287
3.0870078 14.050274
3.2212255 13.535262
3.3554432 13.01525
3.489661 12.58524
3.6238787 12.535239
3.7580965 12.510239
3.8923142 12.475238
4.0265317 12.4602375
4.1607494 12.425237
4.1607494 12.400236
4.294967 12.385236
4.429185 12.335235
4.5634027 12.320234
4.6976204 12.275233
4.831838 12.245233
4.966056 12.215232
5.1002736 12.195231
5.2344913 12.170231
5.368709 12.12523
5.502927 12.105229
5.6371446 12.070229
5.7713623 12.035228
5.7713623 12.015227
5.90558 11.990227
6.039798 11.960226
6.1740155 11.925225
6.3082333 11.910225
6.442451 11.865224
6.5766687 11.845223
6.7108865 11.835223
6.845104 11.810223
6.979322 11.810223
