0.13421772 31.092785
0.26843545 29.972973
0.5368709 28.97314
0.67108864 28.0233
0.9395241 27.138449
1.0737418 26.273594
1.3421773 25.473728
1.476395 24.733852
1.6106128 24.038969
1.7448305 23.364082
1.8790482 22.72419
2.0132658 22.12429
2.2817013 21.544388
2.415919 21.009478
2.5501368 20.504562
2.6843545 19.999647
2.8185723 19.524727
2.95279 19.079802
2.95279 18.649874
3.2212255 18.229944
3.2212255 17.870005
3.3554432 17.48507
3.489661 17.12513
3.6238787 16.785187
3.7580965 16.46524
3.8923142 16.130297
4.0265317 15.835315
4.1607494 15.540308
4.294967 15.255301
4.294967 14.975295
4.429185 14.715289
4.5634027 14.450283
4.6976204 14.215278
4.831838 14.210278
4.966056 14.195277
4.966056 14.180277
5.1002736 14.165277
5.2344913 14.165277
