0.13421772 27.708353
5.1002736 25.983643
9.529459 24.443901
13.55599 23.074131
17.448305 21.844337
21.072184 20.744522
24.561844 19.74469
28.051506 18.809847
31.138514 17.984985
34.22552 17.215115
37.17831 16.52523
40.1311 15.900316
42.681236 15.315303
45.365593 14.77029
48.049946 14.255279
50.600082 13.775268
53.15022 13.765267
55.700356 13.755267
57.98206 13.740267
60.397976 13.735267
62.67968 13.725266
65.22981 13.710266
67.51152 13.695266
69.79322 13.685266
72.34335 13.670265
74.75928 13.670265
