0.13421772 24.123955
4.429185 22.54922
8.321499 21.154453
12.079596 19.91966
15.703474 18.804848
19.058918 17.825012
22.145926 17.78002
25.367151 17.735027
28.454159 17.685036
31.8096 17.635044
35.165043 17.585052
38.117836 17.530062
41.33906 17.48507
44.15763 17.415081
47.24464 17.400084
50.465866 17.375088
53.418655 17.355091
56.63988 17.330095
59.59267 17.310099
62.67968 17.280104
65.63247 17.265106
68.58526 17.235111
71.80649 17.215115
75.02771 17.190119
78.383156 17.160124
81.335945 17.160124
