0.26843545 24.873829
4.429185 22.00931
7.918846 19.719694
11.140072 17.860006
14.092861 16.330263
16.911434 15.025296
19.46157 13.89527
21.743273 12.925248
24.024973 12.880247
26.038239 12.840246
28.185722 12.790245
30.333206 12.730244
32.346474 12.685243
34.359737 12.640242
36.373005 12.5902405
38.52049 12.535239
40.533752 12.485238
42.54702 12.425237
44.694504 12.380236
46.707767 12.320234
48.85525 12.295234
50.86852 12.265233
53.15022 12.235232
55.431923 12.200232
57.445187 12.175231
59.458454 12.13523
61.3375 12.105229
63.484985 12.085229
65.49825 12.050228
67.77995 12.010227
69.659004 11.975226
71.672264 11.950226
73.68553 11.915225
75.833015 11.880224
77.9805 11.850224
79.85955 11.820223
82.007034 11.780222
84.15452 11.7602215
86.16778 11.725221
88.181046 11.69022
90.19431 11.67522
92.3418 11.6302185
94.22085 11.600218
96.36833 11.570217
98.38159 11.540216
100.39486 11.505216
102.40813 11.480215
104.55561 11.480215
