0.26843545 49.6414
4.5634027 47.39092
8.455717 45.365486
12.213813 43.500088
15.9719095 41.73971
19.595789 40.13437
22.951231 38.604042
26.306675 37.223747
29.393682 35.938473
32.48069 34.718212
35.43348 33.58797
38.252052 32.517742
41.070625 31.512714
43.8892 30.537878
46.57355 29.653027
49.123688 28.813168
51.673824 28.008303
53.95553 27.25343
56.371445 26.548548
58.787365 25.863663
61.069065 25.188776
63.21655 24.56888
65.49825 23.983978
67.51152 23.414074
69.52478 22.874165
71.53805 22.324257
73.4171 21.83434
75.43037 21.359419
77.30941 20.894497
79.18846 20.469568
81.067505 20.04464
82.946556 19.634708
84.69138 19.259771
86.570435 18.874836
88.181046 18.509897
89.79166 18.169954
91.402275 17.830011
93.1471 17.500067
94.6235 17.190119
95.965675 16.88017
97.57629 16.870173
99.32112 16.860174
100.93173 16.855175
102.54234 16.855175
