0.13421772 15.165299
2.8185723 14.630287
5.2344913 14.590286
7.918846 14.545285
10.603201 14.510284
13.1533375 14.450283
15.837692 14.415282
18.387829 14.365281
20.803747 14.340281
23.219667 14.32528
25.769804 14.2952795
28.454159 14.255279
31.004295 14.230278
33.68865 14.195277
36.238785 14.165277
38.654705 14.145276
41.20484 14.110275
43.62076 14.090275
46.036682 14.060274
48.4526 14.030273
50.86852 13.9902725
53.15022 13.970272
55.56614 13.955272
58.116276 13.940271
60.666412 13.930271
63.35077 13.920271
66.035126 13.905271
68.58526 13.88527
71.269615 13.87527
73.81975 13.86527
76.504105 13.855269
79.054245 13.845269
81.60438 13.830269
84.15452 13.820269
86.83887 13.805268
89.38901 13.790268
91.93914 13.780268
94.48928 13.765267
97.03942 13.750267
99.589554 13.730267
102.139694 13.720266
104.68983 13.700266
107.23997 13.685266
109.7901 13.675265
112.47446 13.675265
