0.13421772 22.694195
3.8923142 20.974483
7.516193 19.474735
10.737418 18.164955
13.690208 18.059973
16.642998 17.949991
19.730005 17.845009
22.682796 17.725029
25.635586 17.615047
28.588377 17.54506
31.541166 17.47507
34.493958 17.395084
37.446747 17.330095
40.399536 17.265106
43.21811 17.175121
46.1709 17.100134
48.98947 17.025146
51.94226 16.990152
54.89505 16.94016
57.579407 16.89017
60.397976 16.845177
63.484985 16.810183
66.30356 16.760191
68.987915 16.715199
72.07492 16.675205
74.89349 16.625214
77.71207 16.575222
80.53064 16.535229
83.21499 16.495235
86.16778 16.450243
89.120575 16.40525
91.93914 16.355259
94.6235 16.320265
97.44207 16.275272
100.12643 16.220282
102.945 16.220282
