0.26843545 24.92882
0.5368709 22.444237
0.67108864 20.369585
0.8053064 18.634876
1.0737418 17.160124
1.2079595 15.915317
1.3421773 14.830292
1.476395 14.780291
1.6106128 14.730289
1.7448305 14.665288
1.8790482 14.610287
2.0132658 14.545285
2.1474836 14.485284
2.2817013 14.435283
2.415919 14.370281
2.6843545 14.30528
2.8185723 14.240278
2.95279 14.190277
3.0870078 14.115275
3.2212255 14.055274
3.3554432 14.000273
3.489661 13.925271
3.6238787 13.86027
3.7580965 13.795268
3.8923142 13.725266
4.0265317 13.655265
4.1607494 13.630264
4.294967 13.5952635
4.429185 13.550262
4.5634027 13.515262
4.6976204 13.485261
4.831838 13.44026
4.966056 13.44026
