0.26843545 23.469065
4.0265317 22.849169
7.7846284 22.254269
11.274289 21.689363
14.898168 21.16945
18.25361 20.654537
21.87749 20.154621
25.232933 19.6847
28.588377 19.249773
31.8096 18.819845
35.030827 18.409914
38.117836 18.01498
41.070625 17.635044
44.023415 17.270105
46.976204 16.920164
49.928993 16.59022
52.747566 16.260275
55.56614 15.9553175
58.116276 15.6503105
60.93485 15.365304
63.484985 15.080297
66.16934 14.810291
68.719475 14.550285
71.1354 14.535285
73.81975 14.515285
76.23567 14.480284
78.65159 14.460283
81.20173 14.445283
83.617645 14.420282
86.03356 14.390282
88.5837 14.365281
90.99962 14.345281
93.54976 14.31528
96.09989 14.30528
98.515816 14.280279
100.93173 14.265279
103.481865 14.255279
105.76357 14.240278
108.44792 14.225278
110.863846 14.205277
113.27976 14.190277
115.69568 14.165277
118.1116 14.145276
120.52752 14.125276
122.943436 14.1202755
125.493576 14.095275
128.04372 14.085275
130.32541 14.060274
132.74133 14.050274
135.15726 14.020273
137.57317 14.020273
139.98909 14.020273
142.2708 14.010273
144.82092 13.9902725
147.23685 13.980272
149.65277 13.970272
151.93446 13.960272
154.35039 13.960272
156.90053 13.9452715
159.31644 13.935271
161.59814 13.930271
164.14828 13.920271
166.69843 13.910271
169.11433 13.905271
171.39604 13.89027
173.81195 13.88027
176.22787 13.87527
178.6438 13.86527
181.05971 13.845269
183.34142 13.845269
185.75734 13.830269
188.30748 13.830269
190.72339 13.810268
193.13931 13.800268
195.421 13.790268
197.70271 13.780268
200.38707 13.780268
