0.26843545 27.103455
0.5368709 25.318754
0.67108864 23.73902
0.9395241 22.349253
1.0737418 21.089464
1.3421773 19.959654
1.476395 18.959822
1.7448305 18.889833
1.8790482 18.819845
2.0132658 18.749857
2.2817013 18.689867
2.415919 18.634876
2.5501368 18.564888
2.6843545 18.4899
2.95279 18.42991
3.0870078 18.37492
3.2212255 18.299932
3.489661 18.234943
3.6238787 18.204948
3.7580965 18.164955
3.8923142 18.129961
4.1607494 18.099966
4.294967 18.064972
4.429185 18.01998
4.6976204 17.994984
4.831838 17.974987
4.966056 17.929995
5.2344913 17.9
5.368709 17.865005
5.502927 17.830011
5.7713623 17.805016
5.90558 17.760023
6.039798 17.730028
6.3082333 17.705032
6.442451 17.66504
6.5766687 17.635044
6.7108865 17.60005
6.845104 17.565056
7.1135397 17.525063
7.2477574 17.505066
7.381975 17.460073
7.516193 17.435078
7.7846284 17.405083
7.918846 17.36509
8.187282 17.330095
8.321499 17.3001
8.455717 17.255108
8.589934 17.225113
8.85837 17.18512
8.992588 17.160124
9.126805 17.130129
9.2610235 17.095135
9.529459 17.070139
9.663676 17.040144
9.7978945 16.995152
10.06633 16.960157
10.200547 16.935162
10.334765 16.89017
10.603201 16.860174
10.737418 16.835178
10.871636 16.800184
11.005854 16.800184
