0.13421772 25.473728
3.3554432 24.86383
6.845104 24.26893
8.992588 23.699026
11.676942 23.169115
14.361297 22.654202
17.448305 22.159285
20.66953 21.679365
22.682796 21.219442
24.964497 20.789515
26.709328 20.359587
28.856812 19.959654
31.138514 19.559721
33.15178 19.184784
35.299263 18.839842
36.909874 18.484901
38.52049 18.144958
40.1311 17.810015
41.87593 17.505066
43.62076 17.48007
45.097157 17.445076
46.707767 17.42508
48.318382 17.405083
49.794777 17.375088
51.40539 17.350092
53.016003 17.325096
54.492397 17.3001
55.968792 17.290102
57.579407 17.280104
59.0558 17.260107
60.532196 17.230112
62.142807 17.195118
63.6192 17.18012
65.22981 17.155125
66.84043 17.12013
68.316826 17.105133
69.79322 17.090136
71.40383 17.080137
72.880226 17.06014
74.49084 17.050142
75.96723 17.045143
77.57785 17.035145
79.054245 17.025146
80.53064 17.00515
82.27547 16.995152
83.617645 16.980154
85.22826 16.980154
86.70465 16.960157
88.181046 16.94016
89.92588 16.935162
91.402275 16.915165
93.012886 16.905167
94.48928 16.88517
96.09989 16.88017
97.44207 16.870173
99.05268 16.850176
100.529076 16.850176
