0.4026532 41.934753
7.516193 36.39857
13.690208 32.107655
19.058918 28.703186
23.890755 25.928652
28.185722 23.639036
32.212254 21.694363
35.836132 20.03964
39.191578 18.604881
42.278584 17.350092
45.097157 17.265106
48.049946 17.195118
51.136955 17.110132
54.089745 17.040144
57.042534 16.95016
59.995323 16.860174
62.948116 16.785187
65.9009 16.735195
68.85369 16.700201
71.940704 16.655209
75.02771 16.615215
78.51737 16.555225
81.60438 16.520231
84.42295 16.475239
87.37574 16.430246
90.19431 16.380255
93.012886 16.340261
95.965675 16.340261
