0.5368709 70.00117
7.2477574 39.43422
13.019119 35.31834
17.850958 31.947641
23.353884 29.193104
27.78307 26.803505
32.614906 24.828836
37.044094 23.129122
40.399536 21.579382
44.96294 20.2846
48.58682 19.0848
53.28444 18.054974
56.908318 17.095135
61.471718 16.265274
65.36404 16.255276
69.79322 16.23528
73.28288 16.205284
77.71207 16.190287
81.067505 16.17029
85.63091 16.17029
89.65744 16.17029
94.22085 16.17029
98.38159 16.17029
103.079216 16.17029
107.23997 16.17029
112.0718 16.17029
116.23255 16.17029
121.06439 16.17029
125.22514 16.17029
129.65433 16.17029
