0.26843545 33.983055
5.90558 30.157942
11.140072 27.083458
15.569257 24.56388
19.864223 22.48423
23.62232 20.704529
26.977764 19.184784
30.333206 17.855007
33.285995 17.785019
36.238785 17.72003
39.325794 17.650042
42.412804 17.580053
45.63403 17.510065
48.58682 17.435078
51.539608 17.36509
54.626614 17.285103
57.713623 17.250109
60.532196 17.220114
63.6192 17.195118
66.70621 17.170122
69.52478 17.130129
72.47757 17.090136
75.6988 17.06514
78.51737 17.025146
81.47016 16.990152
84.55717 16.94516
87.50996 16.920164
90.462746 16.920164
