0.4026532 36.138515
6.5766687 32.27269
11.945377 29.15311
16.911434 26.568544
21.474836 24.383911
25.501368 22.524223
29.393682 20.914494
32.749126 19.50473
35.970352 18.274937
39.057358 17.18012
41.87593 16.195286
44.694504 15.320303
47.110424 14.530285
49.52634 14.490284
52.076477 14.440283
54.626614 14.405282
57.31097 14.385282
59.72689 14.355281
62.277027 14.33528
64.82716 14.30528
67.3773 14.280279
69.79322 14.250278
72.47757 14.220278
74.89349 14.200277
77.17519 14.170277
79.725334 14.135276
82.007034 14.115275
84.55717 14.085275
86.97309 14.055274
89.65744 14.035274
92.073364 13.995273
94.355064 13.980272
96.9052 13.9452715
99.32112 13.915271
101.871254 13.89027
104.421394 13.87027
106.703094 13.840269
109.25323 13.810268
111.66915 13.775268
113.95085 13.760267
116.500984 13.720266
118.91691 13.705266
121.19861 13.670265
123.74875 13.6402645
126.164665 13.620264
128.44637 13.585263
130.9965 13.570263
133.41241 13.545262
135.82834 13.515262
138.24426 13.475261
140.66017 13.46026
143.0761 13.43526
145.3578 13.405259
147.90794 13.370258
150.32385 13.370258
