0.26843545 24.15395
0.5368709 22.0643
0.67108864 20.294598
0.9395241 18.774853
1.0737418 17.460073
1.2079595 16.310266
1.476395 15.310303
1.6106128 14.405282
1.7448305 13.610264
1.8790482 12.880247
1.8790482 12.220232
2.0132658 12.185231
2.1474836 12.13523
2.2817013 12.085229
2.415919 12.055228
2.5501368 12.000227
2.6843545 11.965226
2.8185723 11.920225
2.95279 11.875224
3.0870078 11.830223
3.0870078 11.775222
3.2212255 11.745221
3.3554432 11.725221
3.489661 11.69022
3.6238787 11.67522
3.7580965 11.660219
3.8923142 11.625218
4.0265317 11.615218
4.1607494 11.590218
4.1607494 11.575217
4.294967 11.550217
4.429185 11.525216
4.5634027 11.505216
4.6976204 11.475215
4.831838 11.450214
4.966056 11.435214
4.966056 11.420214
5.1002736 11.395213
5.2344913 11.365212
5.368709 11.340212
5.502927 11.325212
5.6371446 11.295211
5.7713623 11.27021
5.90558 11.27021
