0.8053064 70.00117
12.213813 70.00117
23.219667 30.102951
31.675385 27.348413
36.64144 25.058798
40.80219 23.099127
44.694504 21.41441
48.318382 19.91966
51.539608 18.649874
54.626614 17.53506
57.445187 16.540228
60.26376 15.6503105
62.948116 14.835292
65.49825 14.800291
67.91417 14.75029
70.46431 14.720289
72.880226 14.675288
75.29614 14.625287
77.84628 14.575286
80.396416 14.550285
82.81234 14.495284
85.22826 14.450283
87.7784 14.400282
90.19431 14.360281
92.61023 14.32028
95.16037 14.265279
97.7105 14.215278
100.39486 14.180277
102.81078 14.125276
105.09248 14.080275
107.37418 14.020273
109.7901 13.985272
112.206024 13.935271
114.75616 13.88527
117.3063 13.830269
119.45378 13.780268
121.73548 13.735267
124.1514 13.685266
126.567314 13.655265
128.98323 13.625264
131.26494 13.600264
133.68086 13.575263
136.09677 13.545262
138.37848 13.520262
140.66017 13.520262
