0.67108864 70.00117
1.2079595 70.00117
1.7448305 70.00117
2.2817013 70.00117
2.415919 12.490238
2.5501368 12.415236
2.6843545 12.360235
2.8185723 12.310234
2.95279 12.260233
3.0870078 12.205232
3.2212255 12.1552305
3.3554432 12.11523
3.489661 12.060228
3.6238787 12.020227
3.7580965 11.955226
3.8923142 11.900225
4.0265317 11.855224
4.1607494 11.835223
4.294967 11.810223
4.429185 11.790222
4.5634027 11.7602215
4.6976204 11.730221
4.831838 11.71022
4.966056 11.69022
4.966056 11.665219
5.1002736 11.640219
5.2344913 11.600218
5.368709 11.580217
5.502927 11.560217
5.6371446 11.560217
