0.26843545 24.678862
4.429185 21.76435
7.918846 19.429743
11.274289 17.570055
14.361297 16.000319
16.911434 14.700289
19.46157 13.580263
21.743273 12.600241
24.024973 11.7602215
26.038239 11.71022
28.051506 11.670219
30.064772 11.610218
31.943819 11.560217
33.957085 11.510216
35.836132 11.460215
37.8494 11.420214
39.728447 11.400213
41.741714 11.370213
43.75498 11.340212
45.768246 11.310211
47.78151 11.27021
49.794777 11.25021
51.808044 11.215209
53.95553 11.185208
56.103012 11.160208
58.116276 11.120207
59.861107 11.1052065
61.740154 11.070206
63.75342 11.040205
65.63247 11.000204
67.64574 10.980204
69.659004 10.950203
71.80649 10.950203
