0.13421772 17.3001
3.0870078 16.17029
5.7713623 15.1703
8.455717 14.280279
11.005854 13.485261
13.421773 12.770245
15.435039 12.11523
17.448305 12.065228
19.46157 12.010227
21.743273 11.955226
23.756538 11.900225
25.769804 11.840223
27.648851 11.800222
29.796335 11.765222
31.943819 11.720221
33.82287 11.67522
35.701916 11.6302185
37.8494 11.595218
39.862667 11.550217
41.87593 11.530216
43.75498 11.510216
45.63403 11.480215
47.78151 11.465215
49.928993 11.435214
51.94226 11.420214
53.82131 11.395213
55.700356 11.375213
57.713623 11.345212
59.72689 11.320211
61.874374 11.310211
63.887638 11.27521
65.9009 11.26021
67.91417 11.24521
69.79322 11.220209
71.80649 11.195209
73.551315 11.175208
75.43037 11.155208
77.30941 11.130207
79.456894 11.1052065
81.60438 11.075206
83.617645 11.055205
85.76513 11.030205
87.7784 11.020205
89.79166 10.990204
91.804924 10.970203
93.81819 10.970203
