0.4026532 42.964973
4.0265317 41.59468
7.6504107 40.31941
11.140072 39.10415
14.495515 37.968906
17.985176 36.893677
21.072184 35.87346
24.29341 34.928257
27.246199 33.99806
30.198988 33.12287
33.15178 32.282692
35.970352 31.492718
38.788925 30.747843
41.473278 30.037962
44.15763 29.348078
46.707767 28.663193
49.392124 28.0233
51.94226 27.418402
54.22396 26.8285
56.505665 26.283592
58.787365 25.738684
61.069065 25.218771
63.35077 24.728853
65.49825 24.21394
67.64574 23.749018
69.79322 23.309092
71.80649 22.869165
73.81975 22.459234
75.6988 22.059301
77.71207 21.679365
79.725334 21.65437
81.60438 21.619375
83.48343 21.584381
85.4967 21.564384
87.37574 21.53439
89.38901 21.509394
91.402275 21.4694
93.28132 21.449404
95.294586 21.429407
97.17364 21.40941
99.05268 21.384415
100.93173 21.364418
102.81078 21.334423
104.95826 21.314426
106.83731 21.29443
108.85058 21.259436
110.72962 21.22944
112.74289 21.209444
114.487724 21.184448
116.500984 21.164452
118.380035 21.154453
120.3933 21.134457
122.13813 21.129457
124.1514 21.11446
125.89623 21.094463
127.90949 21.069468
129.78854 21.05947
131.66759 21.039473
133.54665 21.029474
135.42569 21.019476
137.30473 20.99448
139.31801 20.99448
