0.13421772 24.698858
0.26843545 24.008974
0.4026532 23.359083
0.5368709 22.734188
0.67108864 22.134289
0.8053064 21.564384
0.8053064 21.044472
0.9395241 20.524559
1.2079595 20.049639
1.2079595 19.574718
1.3421773 19.119795
1.476395 18.704865
1.6106128 18.284935
1.7448305 17.890001
1.8790482 17.505066
2.0132658 17.165123
2.0132658 16.805183
2.1474836 16.475239
2.2817013 16.16529
2.415919 15.865315
2.415919 15.585309
2.5501368 15.285302
2.6843545 15.015296
2.8185723 14.75029
2.8185723 14.505284
2.95279 14.495284
3.0870078 14.490284
3.0870078 14.480284
3.2212255 14.4702835
3.3554432 14.460283
3.3554432 14.455283
3.489661 14.435283
3.6238787 14.415282
3.6238787 14.405282
3.7580965 14.400282
3.8923142 14.390282
4.0265317 14.385282
4.0265317 14.375281
4.1607494 14.370281
4.294967 14.355281
4.294967 14.350281
4.429185 14.345281
4.5634027 14.32528
4.6976204 14.32028
4.6976204 14.31028
4.831838 14.2952795
4.966056 14.275279
4.966056 14.275279
5.1002736 14.260279
5.2344913 14.255279
5.2344913 14.245278
5.368709 14.240278
5.502927 14.225278
5.502927 14.220278
5.6371446 14.205277
5.7713623 14.190277
5.7713623 14.185277
5.90558 14.165277
6.039798 14.155276
6.039798 14.155276
