0.5368709 70.00117
12.213813 70.00117
23.890755 70.00117
35.970352 70.00117
47.78151 70.00117
59.59267 70.00117
71.53805 70.00117
83.34921 70.00117
95.56302 70.00117
107.5084 70.00117
119.31956 70.00117
130.9965 13.030251
139.45222 12.975249
142.53923 12.9402485
144.82092 12.900248
147.10263 12.855247
149.2501 12.825246
151.66603 12.780245
153.6793 12.735244
156.09521 12.705243
158.10849 12.670242
160.39018 12.6352415
162.53767 12.5902405
164.81937 12.55024
166.96686 12.520239
169.11433 12.480238
171.26183 12.440237
173.27509 12.415236
175.5568 12.390236
177.43584 12.375236
179.71754 12.340235
181.86502 12.315234
183.87828 12.2852335
186.02577 12.250233
188.03903 12.225232
190.32074 12.210232
192.46822 12.185231
194.48149 12.1552305
196.76318 12.12523
198.77646 12.100229
200.78972 12.065228
203.07143 12.030228
205.08469 12.015227
207.09796 11.990227
209.24544 11.955226
211.39293 11.9352255
213.5404 11.910225
215.55367 11.870224
217.70116 11.840223
219.71442 11.820223
221.72769 11.790222
223.87517 11.770222
226.02266 11.7602215
228.03592 11.735221
230.04918 11.725221
231.92824 11.71522
234.20993 11.69022
236.2232 11.68022
238.23647 11.665219
240.11551 11.640219
242.263 11.6302185
244.41048 11.620218
246.42375 11.600218
248.43701 11.590218
250.31606 11.580217
252.59776 11.550217
254.74525 11.540216
256.7585 11.525216
258.7718 11.505216
260.65082 11.495215
262.6641 11.475215
264.81158 11.4552145
266.95908 11.445214
268.97232 11.425214
270.9856 11.410213
272.86465 11.400213
274.8779 11.385213
277.0254 11.385213
