0.67108864 70.00117
1.3421773 70.00117
2.1474836 70.00117
2.8185723 70.00117
3.489661 70.00117
4.0265317 70.00117
4.1607494 21.484398
4.429185 20.509562
4.5634027 19.62471
4.831838 18.804848
4.966056 18.049974
5.1002736 17.36509
5.368709 16.720198
5.502927 16.100302
5.6371446 15.540308
5.7713623 15.505307
5.90558 15.4753065
6.039798 15.440306
6.1740155 15.415305
6.3082333 15.380304
6.5766687 15.345304
6.7108865 15.310303
6.845104 15.280302
6.979322 15.245301
7.1135397 15.215301
7.2477574 15.1803
7.381975 15.145299
7.6504107 15.110298
7.7846284 15.080297
7.918846 15.045297
8.053063 15.010296
8.187282 14.975295
8.321499 14.9502945
8.455717 14.900293
8.589934 14.865293
8.724153 14.835292
8.992588 14.805291
8.992588 14.76529
9.2610235 14.730289
9.395241 14.685288
9.529459 14.655288
9.663676 14.615287
9.7978945 14.580286
9.932112 14.575286
10.06633 14.550285
10.200547 14.535285
10.334765 14.510284
10.468983 14.490284
10.603201 14.475284
10.737418 14.450283
11.005854 14.435283
11.140072 14.420282
11.274289 14.410282
11.408507 14.380281
11.542725 14.360281
11.676942 14.345281
11.81116 14.31528
11.945377 14.31028
12.079596 14.2952795
12.213813 14.270279
12.348031 14.255279
12.6164665 14.230278
12.6164665 14.215278
12.884902 14.195277
13.019119 14.165277
13.1533375 14.165277
