0.67108864 70.00117
13.019119 70.00117
24.964497 70.00117
37.044094 70.00117
48.98947 70.00117
61.3375 70.00117
73.551315 19.74969
81.60438 19.649706
86.97309 19.559721
90.19431 19.464737
93.28132 19.38475
96.636765 19.299765
99.99221 19.20978
103.21343 19.124794
106.43466 19.039808
109.52167 18.949823
112.877106 18.859838
116.098335 18.779852
119.18534 18.699865
122.40657 18.60988
125.493576 18.514896
128.58058 18.449907
131.66759 18.384918
134.7546 18.334927
137.57317 18.25994
140.7944 18.19495
144.14984 18.129961
147.37106 18.104965
150.45807 18.064972
153.6793 18.029978
156.76631 17.994984
159.98753 17.964989
163.20876 17.934994
166.29576 17.890001
169.24855 17.860006
172.33556 17.820013
175.42258 17.790018
178.50958 17.755024
181.59659 17.725029
184.81781 17.695034
187.7706 17.65504
190.8576 17.625046
193.94461 17.590052
197.03163 17.555058
200.25285 17.510065
203.20564 17.48007
206.15843 17.440077
209.37965 17.415081
212.46666 17.375088
215.41945 17.340094
218.37224 17.315098
221.45924 17.275105
224.41205 17.235111
227.2306 17.200117
230.18341 17.175121
233.40463 17.140127
236.35742 17.100134
239.44443 17.070139
242.66565 17.040144
245.61844 17.00015
248.70544 16.960157
251.65823 16.930162
254.61102 16.89017
257.83224 16.850176
260.78503 16.82018
263.87204 16.82018
