0.4026532 34.633194
0.5368709 29.368074
0.8053064 25.45873
0.9395241 22.439238
1.2079595 20.054638
1.3421773 18.094967
1.6106128 16.480238
1.7448305 15.120298
1.8790482 13.955272
2.0132658 12.950249
2.1474836 12.100229
2.2817013 12.070229
2.2817013 12.045228
2.415919 12.015227
2.5501368 11.9802265
2.6843545 11.950226
2.8185723 11.9352255
2.95279 11.895225
3.0870078 11.865224
3.2212255 11.835223
3.3554432 11.800222
3.489661 11.765222
3.489661 11.740221
3.6238787 11.70522
3.7580965 11.69522
3.8923142 11.665219
4.0265317 11.625218
4.1607494 11.590218
4.294967 11.565217
4.294967 11.535216
4.429185 11.510216
4.5634027 11.485215
4.6976204 11.445214
4.831838 11.415214
4.966056 11.395213
5.1002736 11.365212
5.1002736 11.335212
5.2344913 11.300211
5.368709 11.26521
5.502927 11.24521
5.6371446 11.205209
5.7713623 11.205209
