0.26843545 28.493221
4.966056 26.728518
9.663676 25.148783
13.958644 23.744019
17.985176 22.499228
22.145926 21.359419
25.769804 20.324593
29.259464 19.379751
32.614906 18.539892
35.836132 17.760023
38.92314 17.040144
41.87593 16.370256
44.694504 15.750313
47.513077 15.1803
50.19743 14.640287
52.881786 14.140276
55.431923 14.110275
57.98206 14.080275
60.397976 14.055274
62.813896 14.025273
65.22981 14.005273
67.64574 13.975272
70.330086 13.940271
73.01444 13.920271
75.43037 13.88527
77.84628 13.86027
80.2622 13.830269
82.81234 13.800268
85.4967 13.795268
87.91261 13.780268
90.32853 13.775268
92.87867 13.765267
95.4288 13.745267
97.84473 13.735267
100.26064 13.720266
102.67656 13.710266
105.09248 13.700266
107.77683 13.695266
110.05854 13.685266
112.47446 13.675265
115.15881 13.655265
117.57473 13.630264
119.85643 13.615264
122.40657 13.600264
124.9567 13.590263
127.2384 13.580263
129.65433 13.570263
132.07025 13.555263
134.62038 13.545262
136.90208 13.530262
139.31801 13.520262
141.86813 13.500261
144.14984 13.470261
146.56577 13.46026
149.11589 13.46026
