0.26843545 30.4079
0.5368709 28.868158
0.8053064 27.49339
1.0737418 26.223602
1.3421773 25.063797
1.476395 23.998976
1.7448305 23.01914
2.0132658 22.109293
2.1474836 21.269434
2.415919 20.489565
2.5501368 19.74469
2.6843545 19.064804
2.95279 19.02481
3.0870078 18.984818
3.3554432 18.944824
3.489661 18.90983
3.7580965 18.864838
3.8923142 18.819845
4.1607494 18.774853
4.294967 18.739859
4.429185 18.699865
4.6976204 18.649874
4.831838 18.60988
4.966056 18.559889
5.2344913 18.524895
5.368709 18.479902
5.502927 18.439909
5.6371446 18.399916
5.90558 18.359922
6.039798 18.304932
6.1740155 18.264938
6.442451 18.219946
6.5766687 18.184952
6.7108865 18.13996
6.979322 18.089968
7.1135397 18.07997
7.2477574 18.044975
7.516193 18.01998
7.6504107 17.999983
7.918846 17.979986
8.053063 17.964989
8.187282 17.929995
8.455717 17.914997
8.589934 17.895
8.724153 17.865005
8.85837 17.84001
9.126805 17.815014
9.2610235 17.800016
9.395241 17.770021
9.663676 17.740026
9.7978945 17.72003
9.932112 17.700033
10.200547 17.685036
10.334765 17.650042
10.468983 17.625046
10.737418 17.60505
10.871636 17.585052
11.005854 17.560057
11.274289 17.54006
11.408507 17.510065
11.542725 17.490068
11.676942 17.465073
11.945377 17.445076
12.079596 17.42508
12.213813 17.400084
12.348031 17.370089
12.6164665 17.345093
12.750684 17.335094
12.884902 17.315098
13.1533375 17.290102
13.287555 17.270105
13.55599 17.24511
13.690208 17.225113
13.824426 17.205116
13.958644 17.18512
14.227079 17.155125
14.361297 17.12513
14.495515 17.110132
14.629732 17.110132
