0.13421772 20.804512
0.26843545 19.86467
0.4026532 19.004814
0.5368709 18.204948
0.5368709 17.460073
0.67108864 16.780188
0.8053064 16.140295
0.9395241 15.545308
1.0737418 15.005296
1.0737418 14.985295
1.2079595 14.965295
1.3421773 14.945294
1.476395 14.920294
1.6106128 14.905293
1.6106128 14.870293
1.7448305 14.845292
1.8790482 14.830292
1.8790482 14.8202915
2.0132658 14.795291
2.1474836 14.76029
2.2817013 14.75529
2.415919 14.730289
2.415919 14.705289
2.5501368 14.670288
2.6843545 14.655288
2.8185723 14.630287
2.8185723 14.595286
2.95279 14.570286
3.0870078 14.560286
3.2212255 14.530285
3.2212255 14.500284
3.3554432 14.500284
