0.26843545 26.843498
0.5368709 26.193607
0.8053064 25.573711
1.0737418 24.968813
1.3421773 24.408907
1.6106128 23.873997
1.7448305 23.344086
2.0132658 22.84417
2.2817013 22.36925
2.415919 21.899328
2.5501368 21.459402
2.8185723 21.039473
3.0870078 20.614544
3.2212255 20.209612
3.489661 19.834675
3.6238787 19.469736
3.8923142 19.119795
4.0265317 18.764854
4.1607494 18.439909
4.429185 18.409914
4.5634027 18.384918
4.6976204 18.37492
4.966056 18.349924
5.1002736 18.324928
5.368709 18.30993
5.502927 18.274937
5.7713623 18.24994
5.90558 18.244942
6.039798 18.229944
6.3082333 18.209948
6.442451 18.209948
6.7108865 18.18995
6.845104 18.184952
7.1135397 18.174953
7.2477574 18.169954
7.381975 18.149958
7.6504107 18.13496
7.7846284 18.124962
8.053063 18.119963
8.187282 18.094967
8.321499 18.094967
8.589934 18.07997
8.724153 18.069971
8.85837 18.054974
9.126805 18.054974
9.2610235 18.039976
9.395241 18.024979
9.663676 18.009981
9.7978945 17.994984
9.932112 17.989985
10.06633 17.974987
10.200547 17.95999
10.334765 17.95499
10.603201 17.939993
10.737418 17.924995
10.871636 17.924995
11.140072 17.9
11.274289 17.9
11.408507 17.885002
11.676942 17.875004
11.81116 17.855007
11.945377 17.84001
12.213813 17.830011
12.348031 17.820013
12.482248 17.805016
12.750684 17.800016
12.884902 17.785019
13.019119 17.77502
13.287555 17.760023
13.421773 17.760023
13.55599 17.740026
13.824426 17.725029
13.958644 17.72003
14.092861 17.710032
14.361297 17.690035
14.495515 17.685036
14.76395 17.670038
14.898168 17.670038
15.032386 17.645042
15.166603 17.645042
15.435039 17.625046
15.569257 17.60005
15.703474 17.60005
15.9719095 17.585052
16.106127 17.585052
16.240345 17.565056
16.508781 17.555058
16.642998 17.54506
16.777216 17.530062
16.911434 17.520063
17.179869 17.510065
17.314087 17.500067
17.448305 17.48507
17.582521 17.465073
17.850958 17.465073
