0.26843545 25.083794
0.5368709 24.383911
0.8053064 23.719023
1.0737418 23.104126
1.2079595 22.499228
1.476395 21.929323
1.6106128 21.399412
1.7448305 20.869501
2.0132658 20.389582
2.2817013 19.91966
2.415919 19.464737
2.5501368 19.039808
2.8185723 18.629877
2.95279 18.229944
3.0870078 17.845009
3.2212255 17.47507
3.3554432 17.130129
3.6238787 16.795185
3.7580965 16.47024
3.8923142 16.150293
4.0265317 15.840315
4.294967 15.555308
4.429185 15.270302
4.5634027 15.000296
4.6976204 14.730289
4.831838 14.715289
4.966056 14.700289
5.1002736 14.685288
5.2344913 14.670288
5.368709 14.650288
5.502927 14.635287
5.6371446 14.625287
5.7713623 14.610287
6.039798 14.595286
6.1740155 14.585286
6.3082333 14.565286
6.442451 14.545285
6.5766687 14.525285
6.7108865 14.520285
6.845104 14.495284
6.979322 14.480284
7.1135397 14.465283
7.2477574 14.445283
7.381975 14.435283
7.516193 14.405282
7.7846284 14.400282
7.918846 14.380281
8.053063 14.365281
8.187282 14.345281
8.321499 14.33028
8.455717 14.31528
8.589934 14.290279
8.724153 14.285279
8.85837 14.265279
8.992588 14.245278
9.126805 14.230278
9.2610235 14.220278
9.529459 14.200277
9.663676 14.180277
9.7978945 14.165277
9.932112 14.150276
10.06633 14.140276
10.200547 14.115275
10.334765 14.095275
10.468983 14.080275
10.603201 14.055274
10.737418 14.045274
10.871636 14.025273
11.005854 14.010273
11.140072 13.995273
11.274289 13.975272
11.408507 13.975272
11.676942 13.955272
11.676942 13.950272
11.945377 13.940271
12.079596 13.930271
12.213813 13.925271
12.348031 13.910271
12.482248 13.90027
12.6164665 13.88027
12.750684 13.88027
