0.26843545 16.58522
2.95279 15.690311
5.7713623 14.890293
8.187282 14.815291
10.603201 14.76029
13.287555 14.690289
15.837692 14.620287
18.387829 14.560286
20.803747 14.485284
23.08545 14.420282
25.769804 14.345281
28.31994 14.290279
30.870077 14.210278
33.285995 14.140276
35.836132 14.095275
38.252052 14.050274
40.533752 13.995273
42.949673 13.9452715
45.231373 13.920271
47.647293 13.89527
49.928993 13.86527
52.210697 13.835269
54.492397 13.810268
56.63988 13.775268
59.0558 13.755267
61.203285 13.730267
63.484985 13.690266
65.766685 13.670265
68.048386 13.645265
70.330086 13.615264
72.61179 13.585263
74.89349 13.560263
77.17519 13.530262
79.456894 13.515262
81.87281 13.480261
84.15452 13.45026
86.570435 13.42526
88.98635 13.400259
91.402275 13.370258
93.95241 13.345258
96.36833 13.310257
98.918465 13.285256
101.33438 13.285256
