0.4026532 44.45529
0.8053064 42.75993
1.2079595 41.184593
1.476395 39.704277
1.8790482 38.333984
2.2817013 37.068714
2.5501368 35.863457
2.8185723 34.728214
3.2212255 33.67299
3.489661 32.672775
3.7580965 31.727678
4.0265317 30.832829
4.429185 29.982971
4.5634027 29.183105
4.966056 28.423233
5.2344913 27.698355
5.502927 27.01347
5.7713623 26.363579
6.039798 25.723686
6.3082333 25.128786
6.5766687 24.548883
6.845104 23.993977
6.979322 23.474064
7.2477574 22.974148
7.516193 22.48923
7.6504107 22.019308
7.918846 21.579382
8.053063 21.129457
8.321499 20.724525
8.455717 20.324593
8.724153 19.939657
8.85837 19.56472
8.992588 19.20978
9.2610235 18.869837
9.395241 18.519896
9.529459 18.209948
9.7978945 18.184952
9.932112 18.164955
10.06633 18.13996
10.334765 18.119963
10.468983 18.099966
10.603201 18.07497
10.871636 18.054974
11.005854 18.029978
11.274289 18.01498
11.408507 17.989985
11.676942 17.974987
11.81116 17.95499
11.945377 17.934994
12.213813 17.919996
12.348031 17.885002
12.482248 17.855007
12.750684 17.845009
12.884902 17.815014
13.019119 17.805016
13.287555 17.78002
13.421773 17.760023
13.55599 17.740026
13.824426 17.725029
13.958644 17.700033
14.092861 17.670038
14.361297 17.65504
14.495515 17.625046
14.76395 17.60505
14.898168 17.585052
15.032386 17.560057
15.300821 17.54506
15.435039 17.515064
15.569257 17.500067
15.837692 17.47507
15.9719095 17.455074
16.106127 17.440077
16.374563 17.42508
16.508781 17.405083
16.642998 17.405083
