0.26843545 23.08413
0.4026532 20.57955
0.5368709 18.539892
0.8053064 16.845177
0.9395241 15.445306
1.0737418 14.245278
1.2079595 13.220255
1.3421773 12.320234
1.476395 12.265233
1.6106128 12.230232
1.7448305 12.165231
1.8790482 12.1102295
1.8790482 12.070229
2.0132658 12.020227
2.1474836 11.955226
2.2817013 11.910225
2.415919 11.860224
2.5501368 11.800222
2.6843545 11.745221
2.8185723 11.69022
2.95279 11.6302185
3.0870078 11.590218
3.0870078 11.525216
3.2212255 11.465215
3.3554432 11.435214
3.489661 11.420214
3.6238787 11.370213
3.7580965 11.345212
3.8923142 11.315211
3.8923142 11.285211
4.0265317 11.26021
4.1607494 11.220209
4.294967 11.200209
4.429185 11.170208
4.5634027 11.170208
