0.4026532 35.96848
0.67108864 34.80823
1.0737418 33.723
1.3421773 32.70278
1.7448305 31.727678
1.8790482 30.82783
2.2817013 29.967974
2.5501368 29.143112
2.8185723 28.363243
3.0870078 27.638365
3.3554432 26.933483
3.6238787 26.268595
3.8923142 25.633701
4.1607494 25.028803
4.429185 24.423904
4.6976204 23.873997
4.831838 23.349085
5.1002736 22.834171
5.368709 22.36925
5.502927 21.909327
5.7713623 21.4694
6.039798 21.04947
6.1740155 20.649538
6.3082333 20.244606
6.5766687 19.879667
6.7108865 19.514729
6.979322 19.154789
7.2477574 18.829844
7.381975 18.504898
7.516193 18.169954
7.7846284 18.164955
7.918846 18.154957
8.053063 18.149958
8.321499 18.144958
8.455717 18.13996
8.724153 18.129961
8.85837 18.114964
8.992588 18.109964
9.2610235 18.099966
9.395241 18.089968
9.663676 18.084969
9.7978945 18.07997
10.06633 18.069971
10.200547 18.064972
10.334765 18.059973
10.468983 18.049974
10.737418 18.039976
10.871636 18.004982
11.140072 17.999983
11.274289 17.989985
11.408507 17.979986
11.676942 17.979986
11.81116 17.964989
12.079596 17.95999
12.213813 17.939993
12.482248 17.934994
12.6164665 17.929995
12.750684 17.919996
13.019119 17.904999
13.1533375 17.9
13.287555 17.890001
13.55599 17.880003
13.690208 17.860006
13.958644 17.855007
14.092861 17.84001
14.227079 17.825012
14.495515 17.820013
14.629732 17.810015
14.76395 17.805016
14.898168 17.795017
15.166603 17.790018
15.300821 17.77502
15.569257 17.765022
15.703474 17.755024
15.9719095 17.750025
16.106127 17.740026
16.240345 17.740026
