0.4026532 45.020412
0.5368709 43.09
0.9395241 41.294617
1.0737418 39.659267
1.476395 38.148945
1.6106128 36.748646
2.0132658 35.443367
2.1474836 34.213104
2.415919 33.06786
2.5501368 32.007633
2.8185723 31.06279
2.95279 30.082954
3.2212255 29.173107
3.489661 28.343246
3.6238787 27.573376
3.7580965 26.808504
4.0265317 26.103622
4.1607494 25.413738
4.429185 24.758848
4.5634027 24.223938
4.6976204 23.61904
4.831838 23.01914
4.966056 22.494228
5.2344913 22.034306
5.368709 21.539389
5.502927 21.074467
5.6371446 20.609545
5.7713623 20.179617
5.90558 19.764687
6.039798 19.374752
6.3082333 19.02981
6.442451 18.634876
6.442451 18.289934
7.1135397 18.289934
