0.26843545 36.968693
3.489661 34.958263
6.442451 33.152878
9.126805 31.522713
11.945377 30.062958
14.495515 28.713184
17.045652 27.48339
19.595789 26.338583
22.145926 25.303757
24.29341 24.323921
26.57511 23.424072
28.722593 22.584213
30.870077 21.77435
33.017563 21.734356
34.89661 21.684364
36.775658 21.614376
38.92314 21.579382
40.80219 21.519392
42.815456 21.4744
44.694504 21.41441
46.57355 21.369417
48.4526 21.319426
50.33165 21.279432
52.47913 21.204445
54.22396 21.149454
56.371445 21.10946
58.116276 21.05947
60.129543 20.989481
62.00859 20.974483
64.02186 20.949488
65.9009 20.949488
