0.67108864 70.00117
0.9395241 20.63954
1.0737418 19.14979
1.2079595 17.845009
1.476395 17.740026
1.6106128 17.66004
1.7448305 17.610048
2.0132658 17.54006
2.1474836 17.470072
2.2817013 17.400084
2.415919 17.335094
2.6843545 17.270105
2.8185723 17.195118
2.95279 17.12513
3.2212255 17.050142
3.3554432 16.980154
3.489661 16.910166
3.6238787 16.83018
3.8923142 16.755192
4.0265317 16.685204
4.1607494 16.65021
4.429185 16.625214
4.5634027 16.570223
4.6976204 16.545227
4.966056 16.515232
4.966056 16.485237
5.2344913 16.440245
5.368709 16.40525
5.502927 16.40525
