0.26843545 70.00117
6.5766687 70.00117
12.884902 70.00117
18.9247 70.00117
25.098715 70.00117
31.406948 70.00117
37.580963 70.00117
43.8892 70.00117
50.063213 70.00117
56.371445 70.00117
62.54546 70.00117
68.45104 15.395305
73.68553 15.3003025
76.63832 15.1903
77.9805 15.060297
79.456894 14.940294
80.79907 14.840292
82.27547 14.74529
83.617645 14.695289
84.82561 14.610287
86.302 14.540285
87.50996 14.4702835
88.98635 14.400282
90.32853 14.32028
91.53649 14.250278
92.87867 14.180277
94.22085 14.145276
95.56302 14.1202755
96.77098 14.095275
97.97894 14.055274
99.32112 14.030273
100.6633 14.030273
