0.26843545 19.439741
0.4026532 18.444908
0.5368709 17.550058
0.8053064 16.760191
0.9395241 16.020315
1.0737418 15.350304
1.2079595 14.720289
1.3421773 14.145276
1.476395 13.610264
1.6106128 13.125253
1.7448305 12.655242
1.8790482 12.230232
2.0132658 12.195231
2.1474836 12.180231
2.2817013 12.170231
2.415919 12.1552305
2.5501368 12.14023
2.6843545 12.13523
2.8185723 12.105229
2.95279 12.105229
3.0870078 12.075229
3.2212255 12.060228
3.3554432 12.045228
3.489661 12.030228
3.6238787 12.020227
3.7580965 12.005227
3.8923142 11.990227
3.8923142 11.975226
4.0265317 11.960226
4.1607494 11.9352255
4.294967 11.930225
4.429185 11.920225
4.5634027 11.890224
4.6976204 11.885224
4.831838 11.875224
4.966056 11.840223
5.1002736 11.840223
5.2344913 11.810223
5.368709 11.800222
5.502927 11.790222
5.6371446 11.775222
5.7713623 11.7602215
5.90558 11.750221
6.039798 11.725221
6.1740155 11.71022
6.3082333 11.69522
6.442451 11.68022
6.5766687 11.665219
6.7108865 11.660219
6.845104 11.645219
6.979322 11.645219
