0.26843545 23.214108
0.4026532 21.464401
0.67108864 19.969652
0.8053064 19.884666
1.0737418 19.809679
1.2079595 19.724693
1.476395 19.654705
1.6106128 19.56972
1.8790482 19.484734
2.0132658 19.404747
2.2817013 19.32476
2.415919 19.239775
2.5501368 19.14479
2.8185723 19.079802
2.95279 18.984818
3.2212255 18.899832
3.3554432 18.814846
3.6238787 18.719862
3.7580965 18.634876
3.8923142 18.54989
4.1607494 18.4949
4.294967 18.439909
4.429185 18.394917
4.6976204 18.354923
4.831838 18.304932
4.966056 18.25994
5.2344913 18.214947
5.368709 18.174953
5.6371446 18.124962
5.7713623 18.064972
5.90558 18.024979
6.1740155 17.974987
6.3082333 17.934994
6.442451 17.895
6.7108865 17.84001
6.845104 17.800016
7.1135397 17.740026
7.2477574 17.700033
7.381975 17.66004
7.6504107 17.60005
7.7846284 17.555058
7.918846 17.510065
8.187282 17.460073
8.321499 17.415081
8.455717 17.370089
8.589934 17.325096
8.724153 17.275105
8.992588 17.235111
9.126805 17.235111
