0.67108864 70.00117
1.476395 70.00117
1.7448305 19.014812
2.0132658 17.455074
2.1474836 16.095303
2.2817013 14.955295
2.415919 13.960272
2.5501368 13.905271
2.6843545 13.850269
2.8185723 13.795268
3.0870078 13.745267
3.2212255 13.680265
3.3554432 13.660265
3.489661 13.6402645
3.6238787 13.610264
3.7580965 13.5952635
3.8923142 13.575263
4.0265317 13.540262
4.294967 13.520262
4.429185 13.495261
4.5634027 13.470261
4.6976204 13.43526
4.831838 13.410259
4.966056 13.390259
5.1002736 13.350258
5.2344913 13.325257
5.368709 13.285256
5.6371446 13.260256
5.7713623 13.260256
