0.26843545 18.574886
3.2212255 17.130129
6.1740155 15.895316
8.85837 14.815291
11.542725 14.75529
13.824426 14.690289
16.240345 14.630287
18.790482 14.565286
21.340618 14.500284
23.756538 14.435283
26.172457 14.365281
28.588377 14.30028
31.27273 14.235278
33.554432 14.165277
36.10457 14.125276
38.52049 14.085275
40.936405 14.060274
43.486546 14.015273
45.768246 13.975272
48.184166 13.9452715
50.734303 13.905271
53.15022 13.87027
55.56614 13.840269
57.84784 13.790268
60.26376 13.760267
62.54546 13.735267
64.96138 13.690266
67.3773 13.650265
69.659004 13.625264
72.20914 13.585263
74.62505 13.535262
77.04098 13.495261
79.456894 13.470261
81.87281 13.43026
84.288734 13.395259
86.43622 13.365258
88.852135 13.325257
91.133835 13.280256
93.54976 13.260256
95.83146 13.260256
