0.4026532 70.00117
0.67108864 70.00117
0.9395241 70.00117
1.3421773 70.00117
1.6106128 70.00117
2.0132658 70.00117
2.2817013 70.00117
2.6843545 70.00117
2.8185723 17.48507
2.8185723 17.390085
2.95279 17.3001
3.0870078 17.210115
3.2212255 17.175121
3.2212255 17.110132
3.3554432 17.070139
3.489661 17.025146
3.6238787 16.965157
3.7580965 16.920164
3.8923142 16.870173
4.0265317 16.83018
4.1607494 16.780188
4.1607494 16.725197
4.294967 16.685204
4.429185 16.620214
4.5634027 16.58522
4.5634027 16.520231
4.6976204 16.47024
4.831838 16.47024
