0.5368709 70.00117
13.421773 70.00117
26.038239 70.00117
38.52049 70.00117
50.600082 70.00117
62.54546 70.00117
74.222404 70.00117
86.03356 70.00117
97.97894 70.00117
110.19276 70.00117
121.19861 12.535239
129.25168 12.480238
132.33868 12.420237
134.35194 12.360235
136.49944 12.315234
138.78113 12.255233
140.92862 12.205232
142.94188 12.1552305
145.22359 12.090229
147.37106 12.035228
149.38434 11.985227
151.66603 11.925225
153.54507 11.870224
155.69257 11.825223
157.84004 11.750221
159.85332 11.70022
162.0008 11.655219
163.87985 11.620218
166.02733 11.580217
168.04059 11.545217
170.05386 11.510216
172.20134 11.465215
174.21461 11.435214
176.36209 11.385213
178.37537 11.340212
180.65706 11.305211
182.67033 11.27021
184.6836 11.215209
186.69685 11.205209
188.57591 11.170208
190.58917 11.145207
192.46822 11.130207
194.48149 11.115207
196.49475 11.095206
198.50803 11.095206
