0.13421772 21.779348
3.6238787 20.57455
7.2477574 19.489733
10.603201 19.394749
13.824426 19.314762
17.045652 19.214779
20.401094 19.169786
23.488102 19.119795
26.709328 19.054806
29.796335 18.999815
33.017563 18.944824
36.373005 18.894833
39.46001 18.829844
42.815456 18.784851
45.902462 18.719862
49.123688 18.66987
52.210697 18.60988
55.56614 18.54989
58.65315 18.499899
61.874374 18.444908
64.96138 18.37492
68.048386 18.344925
71.1354 18.299932
74.222404 18.269938
77.44363 18.229944
80.664856 18.19995
83.88608 18.174953
87.10731 18.13996
90.19431 18.099966
93.415535 18.069971
96.50255 18.029978
99.45534 17.989985
102.67656 17.964989
105.76357 17.924995
108.71636 17.895
111.80337 17.850008
114.89037 17.820013
117.97739 17.78002
121.19861 17.750025
124.285614 17.71503
127.2384 17.680037
130.1912 17.645042
133.41241 17.60505
136.36522 17.565056
139.45222 17.54006
142.2708 17.505066
145.49202 17.470072
148.71324 17.435078
151.80025 17.400084
154.61882 17.36009
157.57161 17.335094
160.65862 17.295101
163.87985 17.270105
166.96686 17.225113
169.91965 17.18512
172.87244 17.145126
175.69101 17.115131
178.6438 17.075138
181.7308 17.075138
