0.0 24.02897
0.26843545 23.209108
0.4026532 22.409243
0.5368709 21.669367
0.67108864 20.964485
0.8053064 20.374584
1.0737418 19.719694
1.0737418 19.174786
1.2079595 18.60988
1.476395 18.124962
1.6106128 17.615047
1.6106128 17.160124
1.7448305 16.76519
1.8790482 16.34526
2.0132658 15.970318
2.1474836 15.62531
2.2817013 15.2003
2.2817013 14.880293
2.415919 14.575286
2.5501368 14.250278
2.6843545 13.965272
2.8185723 13.665265
2.8185723 13.390259
2.95279 13.150253
3.0870078 12.890247
3.2212255 12.645242
3.3554432 12.390236
3.3554432 12.200232
3.489661 11.940226
3.6238787 11.745221
3.6238787 11.545217
3.7580965 11.330212
3.8923142 11.1052065
3.8923142 11.1052065
