0.26843545 37.718853
0.67108864 35.41336
1.0737418 33.372925
1.3421773 31.552708
1.6106128 29.912983
1.8790482 28.423233
2.1474836 27.07346
2.415919 25.848665
2.5501368 24.713856
2.8185723 23.67403
3.0870078 22.71919
3.2212255 21.839338
3.489661 21.009478
3.6238787 20.249605
3.8923142 19.529726
4.0265317 18.859838
4.294967 18.819845
4.429185 18.774853
4.5634027 18.744858
4.831838 18.704865
4.966056 18.664871
5.1002736 18.619879
5.368709 18.579885
5.502927 18.539892
5.6371446 18.509897
5.90558 18.459906
6.039798 18.424911
6.3082333 18.36992
6.442451 18.334927
6.5766687 18.289934
6.845104 18.24994
6.979322 18.209948
7.2477574 18.169954
7.381975 18.124962
7.516193 18.084969
7.6504107 18.044975
7.7846284 17.994984
8.053063 17.95499
8.187282 17.929995
8.321499 17.909998
8.589934 17.890001
8.724153 17.865005
8.85837 17.84001
9.126805 17.820013
9.2610235 17.800016
9.395241 17.77502
9.663676 17.750025
9.7978945 17.72003
10.06633 17.700033
10.200547 17.680037
10.334765 17.66004
10.603201 17.630045
10.737418 17.60505
10.871636 17.590052
11.005854 17.565056
11.140072 17.54506
11.408507 17.525063
11.542725 17.495068
11.676942 17.47507
11.945377 17.445076
12.079596 17.42508
12.213813 17.405083
12.482248 17.380087
12.6164665 17.36509
12.750684 17.335094
13.019119 17.315098
13.1533375 17.290102
13.287555 17.270105
13.421773 17.250109
13.690208 17.220114
13.824426 17.190119
13.958644 17.175121
14.092861 17.150126
14.361297 17.130129
14.495515 17.110132
14.629732 17.090136
14.898168 17.06514
15.032386 17.040144
15.166603 17.020147
15.435039 16.995152
15.569257 16.965157
15.703474 16.94516
15.837692 16.920164
16.106127 16.900167
16.240345 16.88017
16.508781 16.855175
16.642998 16.840178
16.911434 16.805183
17.045652 16.785187
17.179869 16.785187
