0.5368709 70.00117
4.966056 28.91315
10.334765 27.898321
15.300821 26.928484
20.535313 26.108622
25.769804 25.258764
30.601643 24.39391
35.299263 23.634037
38.788925 22.944153
42.54702 22.314259
46.439335 21.739355
50.063213 21.084465
54.089745 20.69453
60.26376 20.084633
65.0956 19.524727
68.85369 19.059805
73.551315 18.594883
77.9805 18.169954
82.27547 17.740026
86.03356 17.325096
89.120575 16.955158
91.804924 16.59022
94.75771 16.260275
98.918465 15.925317
102.67656 15.62031
107.77683 15.62031
