0.26843545 24.103958
0.4026532 22.60421
0.67108864 21.29443
0.9395241 20.129625
1.0737418 19.094799
1.2079595 18.13496
1.476395 17.285103
1.476395 16.510233
1.7448305 15.775313
1.8790482 15.115298
2.0132658 14.510284
2.1474836 13.940271
2.2817013 13.42526
2.415919 12.930248
2.5501368 12.480238
2.6843545 12.045228
2.8185723 12.030228
2.95279 12.000227
2.95279 11.9802265
3.0870078 11.960226
3.2212255 11.930225
3.3554432 11.910225
3.489661 11.885224
3.6238787 11.855224
3.7580965 11.835223
3.8923142 11.810223
4.0265317 11.785222
4.1607494 11.7602215
4.294967 11.725221
4.429185 11.70522
4.429185 11.670219
4.5634027 11.650219
4.6976204 11.6302185
4.831838 11.605218
4.966056 11.575217
5.1002736 11.545217
5.2344913 11.520216
5.2344913 11.500216
5.368709 11.465215
5.502927 11.445214
5.6371446 11.425214
5.7713623 11.385213
5.90558 11.370213
6.039798 11.330212
6.1740155 11.300211
6.1740155 11.2802105
6.3082333 11.24521
6.442451 11.220209
6.5766687 11.205209
6.7108865 11.190208
6.7108865 11.175208
6.845104 11.160208
6.979322 11.160208
