0.4026532 70.00117
6.5766687 70.00117
12.884902 70.00117
19.327353 70.00117
25.769804 70.00117
32.212254 70.00117
37.983616 27.153446
43.486546 25.58371
48.721035 24.183945
53.418655 22.914158
57.445187 22.864166
59.458454 22.799177
61.605938 22.714191
63.484985 22.649202
65.49825 22.579214
67.51152 22.494228
69.52478 22.42424
71.672264 22.334255
73.95397 22.254269
76.10145 22.18428
78.114716 22.094296
79.99377 22.00931
81.87281 21.924324
83.75186 21.849337
85.63091 21.76935
87.64417 21.699362
89.65744 21.614376
91.804924 21.524391
93.683975 21.434406
95.56302 21.35442
97.44207 21.274433
99.45534 21.209444
101.468605 21.129457
103.21343 21.074467
105.2267 21.019476
107.23997 20.979483
109.11901 20.979483
