0.4026532 43.5601
0.67108864 41.899746
1.0737418 40.36942
1.476395 38.954117
1.8790482 37.623833
2.0132658 36.38857
2.415919 35.21832
2.6843545 34.123085
3.0870078 33.097866
3.2212255 32.12766
3.6238787 31.212765
3.8923142 30.34291
4.1607494 29.51805
4.429185 28.73818
4.6976204 28.008303
4.966056 27.293423
5.2344913 26.618536
5.502927 25.973644
5.7713623 25.373745
6.039798 24.783844
6.1740155 24.223938
6.442451 23.689028
6.7108865 23.174114
6.979322 22.684196
7.2477574 22.209276
7.381975 21.749353
7.6504107 21.314426
7.7846284 20.894497
8.053063 20.484566
8.321499 20.094631
8.455717 19.714695
8.724153 19.354755
8.85837 19.004814
8.992588 18.659872
9.2610235 18.329927
9.395241 18.30993
9.663676 18.289934
9.7978945 18.279936
9.932112 18.25494
10.200547 18.239943
10.334765 18.224945
10.468983 18.19995
10.737418 18.179953
10.871636 18.159956
11.005854 18.149958
11.274289 18.119963
11.408507 18.089968
11.676942 18.069971
11.81116 18.044975
11.945377 18.029978
12.213813 18.009981
12.348031 17.994984
12.482248 17.974987
12.6164665 17.949991
12.884902 17.939993
13.019119 17.909998
13.1533375 17.895
13.421773 17.870005
13.55599 17.855007
13.824426 17.83501
13.958644 17.815014
14.092861 17.805016
14.361297 17.795017
14.495515 17.790018
14.76395 17.785019
14.898168 17.760023
15.032386 17.750025
15.166603 17.740026
15.435039 17.735027
15.569257 17.72003
15.703474 17.710032
15.9719095 17.705032
16.106127 17.695034
16.374563 17.685036
16.508781 17.675037
16.642998 17.66504
16.911434 17.66004
17.045652 17.645042
17.179869 17.640043
17.448305 17.630045
17.582521 17.620047
17.71674 17.615047
17.985176 17.60505
18.119392 17.590052
18.25361 17.585052
18.522047 17.580053
18.656263 17.570055
18.790482 17.54506
19.058918 17.54006
19.193134 17.525063
19.46157 17.515064
19.595789 17.515064
