0.26843545 25.063797
0.4026532 24.258932
0.67108864 23.474064
0.9395241 22.744186
1.2079595 22.0643
1.3421773 21.424408
1.6106128 20.81451
1.7448305 20.234608
2.0132658 19.699697
2.1474836 19.184784
2.415919 18.684868
2.415919 18.224945
2.6843545 17.77502
2.8185723 17.350092
3.0870078 16.94516
3.2212255 16.555225
3.3554432 16.180288
3.489661 15.810314
3.6238787 15.470306
3.7580965 15.150299
4.0265317 14.835292
4.1607494 14.530285
4.294967 14.240278
4.429185 13.960272
4.5634027 13.685266
4.6976204 13.43026
4.831838 13.170254
4.966056 12.9402485
5.1002736 12.695243
5.2344913 12.465238
5.368709 12.260233
5.502927 12.240232
5.502927 12.215232
5.6371446 12.210232
5.7713623 12.200232
5.90558 12.180231
6.039798 12.180231
