0.13421772 29.03813
0.26843545 28.118284
0.5368709 27.243431
0.5368709 26.41857
0.8053064 25.628702
0.9395241 24.898825
1.0737418 24.188944
1.2079595 23.544052
1.3421773 22.914158
1.476395 22.319258
1.6106128 21.759352
1.7448305 21.239439
1.8790482 20.734524
2.0132658 20.254604
2.1474836 19.784683
2.2817013 19.349756
2.415919 18.949823
2.5501368 18.529894
2.6843545 18.144958
2.6843545 17.785019
2.8185723 17.42008
2.95279 17.080137
3.0870078 16.750193
3.2212255 16.41025
3.3554432 16.1053
3.3554432 15.820314
3.489661 15.510307
3.6238787 15.255301
3.7580965 14.975295
3.8923142 14.73529
3.8923142 14.705289
4.0265317 14.685288
4.1607494 14.680288
4.294967 14.670288
4.294967 14.6452875
4.429185 14.635287
4.429185 14.630287
4.5634027 14.620287
4.6976204 14.605287
4.831838 14.595286
4.831838 14.580286
4.966056 14.560286
5.1002736 14.560286
