0.13421772 19.599714
3.3554432 19.064804
6.979322 18.564888
10.200547 18.094967
13.1533375 17.630045
16.240345 17.200117
19.327353 16.785187
22.145926 16.400251
25.232933 16.025314
27.917288 15.660311
30.601643 15.320303
33.15178 14.985295
35.701916 14.670288
38.117836 14.355281
40.533752 14.060274
43.08389 13.785268
45.49981 13.510262
47.91573 13.250256
50.19743 12.99525
52.61335 12.750244
54.89505 12.520239
56.908318 12.295234
59.190018 12.080229
61.3375 11.865224
63.35077 11.845223
65.36404 11.835223
67.64574 11.815223
69.79322 11.810223
72.07492 11.800222
74.222404 11.790222
76.23567 11.770222
78.114716 11.755221
80.2622 11.740221
82.5439 11.735221
84.82561 11.720221
86.83887 11.71022
88.98635 11.69522
91.133835 11.68022
93.1471 11.67522
95.02615 11.655219
97.30785 11.640219
99.45534 11.625218
101.60282 11.615218
103.750305 11.595218
105.89779 11.590218
107.91106 11.570217
109.92432 11.560217
111.937584 11.545217
113.95085 11.530216
115.69568 11.525216
117.70895 11.520216
119.99065 11.515216
122.27235 11.505216
124.41983 11.500216
126.567314 11.495215
128.58058 11.490215
130.72807 11.485215
132.74133 11.480215
134.62038 11.480215
136.63365 11.470215
138.78113 11.465215
140.92862 11.4552145
143.0761 11.450214
144.95514 11.445214
146.96841 11.435214
148.98167 11.435214
151.12917 11.425214
153.27664 11.420214
155.42413 11.415214
157.4374 11.415214
159.45067 11.410213
161.46393 11.410213
