0.26843545 42.164803
4.0265317 37.38378
7.516193 33.53296
10.334765 30.372906
13.019119 27.743347
15.569257 25.483727
17.850958 23.569048
19.998442 21.879332
22.011707 21.70936
24.024973 21.604378
25.904022 21.4744
27.917288 21.439405
30.064772 21.404411
31.943819 21.369417
34.091305 21.319426
35.970352 21.28943
37.983616 21.249437
39.862667 21.209444
41.87593 21.164452
43.75498 21.124458
45.768246 21.094463
47.647293 21.034473
49.66056 20.99448
51.40539 20.954487
53.28444 20.904495
55.163486 20.904495
