0.67108864 70.00117
12.750684 70.00117
24.024973 70.00117
35.5677 70.00117
47.91573 70.00117
60.26376 70.00117
71.53805 29.788004
80.79907 27.54338
86.97309 25.618704
91.26806 23.928988
95.4288 22.439238
99.05268 21.124458
102.40813 19.954655
105.76357 18.889833
109.25323 18.799849
112.47446 18.709864
115.69568 18.634876
118.91691 18.55489
122.13813 18.469904
125.35936 18.394917
128.31215 18.31493
131.53337 18.229944
134.7546 18.144958
137.84161 18.069971
141.06284 17.969988
144.28406 17.909998
147.50528 17.855007
150.59229 17.810015
153.54507 17.750025
156.49786 17.690035
159.58488 17.625046
162.67189 17.565056
165.89311 17.505066
168.71169 17.450075
171.66447 17.42508
174.61726 17.395084
177.83849 17.36509
180.65706 17.345093
183.74406 17.320097
186.83107 17.290102
189.78387 17.265106
192.73666 17.230112
195.68945 17.210115
198.91068 17.210115
