0.4026532 44.16023
0.8053064 38.714066
1.2079595 34.413147
1.6106128 30.957808
1.8790482 28.128283
2.1474836 25.753681
2.415919 23.729021
2.6843545 22.00431
2.8185723 20.484566
3.0870078 19.159788
3.2212255 17.989985
3.489661 16.94516
3.6238787 16.005318
3.7580965 15.1753
3.8923142 15.110298
4.1607494 15.055297
4.294967 14.995296
4.429185 14.940294
4.5634027 14.930294
4.6976204 14.890293
4.966056 14.870293
5.1002736 14.850292
5.2344913 14.800291
5.368709 14.785291
5.502927 14.74529
5.7713623 14.730289
5.90558 14.700289
6.039798 14.670288
6.1740155 14.650288
6.3082333 14.615287
6.5766687 14.6002865
6.7108865 14.570286
6.845104 14.530285
6.979322 14.505284
7.2477574 14.480284
7.2477574 14.4702835
7.516193 14.430283
7.6504107 14.410282
7.7846284 14.375281
8.053063 14.350281
8.187282 14.32028
8.321499 14.30028
8.455717 14.270279
8.589934 14.235278
8.724153 14.210278
8.992588 14.200277
9.126805 14.160276
9.2610235 14.135276
9.395241 14.105275
9.529459 14.070274
9.7978945 14.060274
9.932112 14.030273
10.06633 14.030273
