0.67108864 70.00117
1.3421773 70.00117
2.0132658 70.00117
2.8185723 70.00117
3.489661 70.00117
4.1607494 70.00117
4.6976204 70.00117
5.2344913 70.00117
5.90558 70.00117
6.039798 15.370304
6.3082333 15.325303
6.442451 15.3003025
6.5766687 15.255301
6.7108865 15.220301
6.845104 15.1803
6.979322 15.155299
7.2477574 15.120298
7.381975 15.095298
7.516193 15.060297
7.7846284 15.030296
8.053063 15.005296
8.187282 14.965295
8.321499 14.935294
8.455717 14.905293
8.589934 14.875293
8.85837 14.845292
8.992588 14.815291
9.126805 14.77029
9.2610235 14.74529
9.529459 14.715289
9.663676 14.685288
9.7978945 14.655288
9.932112 14.630287
10.06633 14.590286
10.334765 14.555285
10.468983 14.525285
10.603201 14.495284
10.737418 14.455283
10.871636 14.430283
11.005854 14.390282
11.274289 14.355281
11.408507 14.32528
11.542725 14.290279
11.676942 14.250278
11.81116 14.225278
11.945377 14.190277
12.079596 14.145276
12.213813 14.1202755
12.348031 14.085275
12.482248 14.045274
12.6164665 14.015273
12.884902 14.000273
13.019119 13.980272
13.1533375 13.970272
13.287555 13.940271
13.421773 13.930271
13.55599 13.910271
13.690208 13.88527
13.824426 13.87527
13.958644 13.855269
14.092861 13.840269
14.227079 13.825269
14.361297 13.805268
14.495515 13.780268
14.76395 13.7702675
14.898168 13.745267
15.032386 13.720266
15.166603 13.705266
15.300821 13.690266
15.435039 13.675265
15.569257 13.655265
15.703474 13.635264
15.837692 13.620264
15.9719095 13.605264
16.106127 13.580263
16.240345 13.560263
16.374563 13.560263
