0.26843545 23.039137
4.294967 22.589212
8.187282 22.134289
12.348031 21.71436
16.240345 21.309427
19.998442 20.914494
23.756538 20.529558
27.514635 20.154621
31.27273 19.809679
34.76239 19.454739
38.117836 19.429743
41.741714 19.404747
45.365593 19.369753
49.123688 19.344757
52.61335 19.319761
56.103012 19.279768
59.59267 19.26477
63.082333 19.234776
66.437775 19.194782
69.659004 19.179785
73.01444 19.14979
76.10145 19.114796
79.32268 19.0848
82.40968 19.059805
85.63091 19.02981
88.71792 18.999815
91.804924 18.979818
94.89194 18.939825
97.97894 18.90983
100.93173 18.894833
104.28718 18.859838
107.64262 18.834843
110.863846 18.809847
113.95085 18.764854
117.03786 18.744858
120.25909 18.719862
123.34609 18.694866
126.70154 18.67487
130.05698 18.654873
133.54665 18.634876
136.90208 18.61488
140.25752 18.599882
143.21031 18.574886
146.1631 18.559889
149.11589 18.534893
152.47134 18.509897
155.69257 18.4899
158.91379 18.474903
162.0008 18.43491
165.35625 18.424911
168.30904 18.404915
171.26183 18.37492
174.34883 18.359922
177.57005 18.339926
180.79128 18.31993
184.01251 18.294933
186.9653 18.274937
189.91809 18.25494
193.0051 18.244942
196.0921 18.239943
199.31332 18.219946
202.26611 18.209948
205.35312 18.19995
208.44012 18.184952
211.52715 18.164955
214.74837 18.164955
217.70116 18.149958
220.78816 18.13996
223.87517 18.124962
227.09639 18.119963
230.18341 18.094967
233.1362 18.094967
236.08899 18.07497
239.176 18.07497
242.39722 18.049974
245.35 18.049974
248.43701 18.024979
251.65823 18.01498
254.74525 18.004982
257.83224 17.994984
260.78503 17.974987
264.00626 17.969988
266.95908 17.95999
270.04608 17.95499
273.1331 17.934994
276.48853 17.924995
279.4413 17.914997
282.3941 17.9
285.4811 17.890001
288.70233 17.880003
291.65512 17.870005
294.74213 17.855007
297.96335 17.845009
300.78192 17.83501
303.86893 17.825012
306.95593 17.810015
309.90872 17.805016
312.8615 17.790018
315.94852 17.78002
319.16977 17.765022
322.12256 17.755024
325.20956 17.735027
328.565 17.730028
331.5178 17.72003
334.6048 17.710032
337.82602 17.695034
340.7788 17.685036
343.8658 17.675037
347.08704 17.66504
350.17404 17.640043
353.26105 17.640043
356.21384 17.620047
359.16663 17.615047
362.38788 17.60505
365.20645 17.59505
368.29346 17.580053
371.38046 17.570055
374.19904 17.555058
377.28604 17.54506
380.37305 17.530062
383.32584 17.530062
386.41284 17.500067
389.36563 17.495068
392.45264 17.48507
395.53964 17.47507
398.49243 17.455074
401.44522 17.450075
404.53223 17.440077
407.48502 17.430079
410.57202 17.415081
413.5248 17.405083
416.61182 17.395084
419.4304 17.380087
422.5174 17.36009
425.6044 17.36009
428.69144 17.345093
431.77844 17.335094
434.59702 17.325096
437.68402 17.320097
440.5026 17.3051
443.5896 17.295101
446.81082 17.285103
449.7636 17.270105
452.85062 17.255108
455.8034 17.250109
458.8904 17.225113
461.70898 17.215115
464.796 17.205116
467.61456 17.200117
470.70157 17.18012
473.65436 17.175121
476.60715 17.160124
479.69415 17.150126
482.64694 17.140127
485.73395 17.130129
488.82095 17.115131
491.90796 17.100134
494.86075 17.085136
498.082 17.085136
500.90057 17.06014
504.1218 17.06014
506.94037 17.045143
510.1616 17.030146
513.1144 17.025146
516.20135 17.015148
519.1542 16.995152
522.24115 16.985153
525.194 16.975155
528.281 16.975155
