0.26843545 28.578207
0.5368709 26.808504
0.8053064 25.233768
0.9395241 23.824005
1.2079595 22.569216
1.476395 21.429407
1.6106128 20.39458
1.7448305 19.44974
2.0132658 18.589884
2.1474836 17.795017
2.2817013 17.06014
2.415919 16.385254
2.5501368 15.770313
2.6843545 15.1903
2.95279 14.635287
3.0870078 14.125276
3.2212255 14.090275
3.3554432 14.055274
3.489661 14.030273
3.6238787 13.995273
3.7580965 13.955272
3.8923142 13.930271
4.0265317 13.90027
4.1607494 13.87027
4.294967 13.835269
4.429185 13.805268
4.5634027 13.765267
4.6976204 13.735267
4.966056 13.695266
5.1002736 13.665265
5.1002736 13.630264
5.2344913 13.600264
5.368709 13.600264
