0.26843545 35.193314
6.039798 31.382736
11.274289 28.288256
16.240345 25.733685
20.66953 23.584045
24.83028 21.754353
28.588377 20.169619
32.078037 18.814846
35.299263 17.60505
38.252052 16.53023
41.070625 15.585309
43.75498 14.74029
46.439335 13.965272
48.85525 13.920271
51.27117 13.88527
53.68709 13.840269
56.103012 13.820269
58.65315 13.8152685
61.069065 13.795268
63.35077 13.775268
65.9009 13.760267
68.316826 13.750267
70.598526 13.735267
73.01444 13.715266
75.43037 13.695266
77.71207 13.685266
80.2622 13.670265
82.67812 13.650265
84.95982 13.630264
87.24152 13.615264
89.79166 13.600264
92.20758 13.580263
94.48928 13.560263
96.9052 13.540262
99.32112 13.530262
101.60282 13.510262
103.88452 13.485261
106.30044 13.4652605
108.71636 13.44526
110.99806 13.44526
