0.13421772 21.28943
3.7580965 19.814678
7.1135397 18.529894
10.200547 17.390085
13.1533375 16.380255
15.9719095 15.465306
18.522047 14.670288
20.937965 14.655288
23.353884 14.610287
25.769804 14.585286
28.185722 14.560286
30.601643 14.525285
32.883343 14.510284
35.299263 14.475284
37.580963 14.450283
39.862667 14.420282
42.412804 14.395282
44.82872 14.365281
47.24464 14.340281
49.66056 14.30528
52.076477 14.285279
54.626614 14.260279
57.042534 14.220278
59.59267 14.195277
62.142807 14.165277
64.69295 14.135276
66.97465 14.110275
69.390564 14.090275
71.672264 14.050274
74.08819 14.020273
76.63832 14.005273
79.18846 13.975272
81.738594 13.940271
84.020294 13.915271
86.302 13.89027
88.71792 13.86027
91.26806 13.835269
93.95241 13.800268
96.23411 13.775268
98.515816 13.745267
100.93173 13.720266
103.481865 13.695266
105.76357 13.695266
