0.67108864 70.00117
1.2079595 70.00117
1.8790482 70.00117
2.415919 70.00117
3.0870078 70.00117
3.6238787 70.00117
3.8923142 21.359419
4.0265317 20.564552
4.294967 19.829676
4.429185 19.154789
4.6976204 19.109797
4.831838 19.074802
4.966056 19.02981
5.2344913 18.989817
5.368709 18.944824
5.6371446 18.90983
5.7713623 18.869837
5.90558 18.824844
6.1740155 18.784851
6.3082333 18.744858
6.442451 18.714863
6.7108865 18.664871
6.845104 18.60988
6.979322 18.579885
7.2477574 18.534893
7.381975 18.4949
7.516193 18.464905
7.7846284 18.419912
7.918846 18.364922
8.053063 18.329927
8.187282 18.284935
8.455717 18.244942
8.589934 18.19995
8.85837 18.159956
8.992588 18.114964
9.126805 18.069971
9.395241 18.029978
9.529459 17.989985
9.663676 17.939993
9.7978945 17.9
10.06633 17.860006
10.200547 17.810015
10.334765 17.770021
10.603201 17.71503
10.737418 17.690035
10.871636 17.675037
11.005854 17.650042
11.274289 17.635044
11.408507 17.60005
11.542725 17.585052
11.81116 17.555058
11.945377 17.530062
12.079596 17.515064
12.348031 17.495068
12.482248 17.47507
12.6164665 17.450075
12.884902 17.42008
13.019119 17.400084
13.1533375 17.380087
13.287555 17.370089
13.55599 17.335094
13.690208 17.310099
13.824426 17.295101
13.958644 17.275105
14.227079 17.250109
14.361297 17.215115
14.495515 17.195118
14.629732 17.195118
