0.26843545 20.504562
3.6238787 18.454906
6.845104 16.775188
9.663676 15.365304
12.6164665 14.150276
15.166603 13.125253
17.448305 12.225232
19.730005 12.165231
22.011707 12.100229
24.024973 12.045228
26.306675 12.005227
28.31994 11.945226
30.467424 11.910225
32.749126 11.870224
34.76239 11.850224
36.909874 11.820223
39.191578 11.780222
41.20484 11.755221
43.486546 11.725221
45.49981 11.69522
47.647293 11.660219
49.66056 11.6302185
51.808044 11.595218
53.95553 11.570217
56.103012 11.540216
58.384712 11.500216
60.397976 11.490215
62.67968 11.450214
64.69295 11.415214
66.97465 11.390213
68.987915 11.355212
71.1354 11.330212
73.01444 11.300211
75.16193 11.26521
77.17519 11.235209
79.32268 11.200209
81.47016 11.175208
83.48343 11.175208
