0.26843545 20.124626
0.4026532 18.589884
0.5368709 17.255108
0.67108864 16.090303
0.8053064 15.085298
0.9395241 14.165277
1.2079595 13.360258
1.2079595 12.6352415
1.3421773 11.9802265
1.476395 11.940226
1.6106128 11.895225
1.7448305 11.845223
1.8790482 11.8052225
2.0132658 11.7602215
2.1474836 11.71522
2.2817013 11.650219
2.415919 11.635219
2.5501368 11.620218
2.5501368 11.605218
2.6843545 11.580217
2.8185723 11.565217
2.95279 11.530216
3.0870078 11.505216
3.2212255 11.500216
3.3554432 11.470215
3.3554432 11.450214
3.489661 11.450214
