0.8053064 70.00117
1.6106128 70.00117
2.1474836 70.00117
2.6843545 70.00117
3.3554432 70.00117
4.0265317 70.00117
4.831838 70.00117
5.6371446 70.00117
6.442451 70.00117
7.1135397 70.00117
7.6504107 70.00117
7.918846 19.549723
8.053063 19.469736
8.321499 19.394749
8.589934 19.319761
8.724153 19.254772
8.992588 19.189783
9.126805 19.109797
9.395241 19.054806
9.529459 18.979818
9.7978945 18.90983
9.932112 18.839842
10.200547 18.774853
10.334765 18.719862
10.603201 18.649874
10.737418 18.584885
11.005854 18.504898
11.140072 18.43491
11.274289 18.37492
11.542725 18.334927
11.676942 18.299932
11.945377 18.279936
12.079596 18.244942
12.213813 18.19995
12.482248 18.169954
12.6164665 18.13496
12.884902 18.094967
13.019119 18.07997
13.287555 18.039976
13.421773 18.004982
13.690208 17.969988
13.824426 17.934994
14.092861 17.914997
14.227079 17.870005
14.495515 17.84001
14.629732 17.800016
14.76395 17.765022
15.032386 17.740026
15.300821 17.700033
15.435039 17.675037
15.569257 17.630045
15.837692 17.615047
15.9719095 17.575054
16.106127 17.53506
16.374563 17.500067
16.508781 17.465073
16.642998 17.435078
16.911434 17.405083
17.179869 17.36509
17.314087 17.340094
17.448305 17.295101
17.71674 17.260107
17.850958 17.24511
17.985176 17.205116
18.25361 17.165123
18.387829 17.135128
18.656263 17.135128
