0.4026532 70.00117
0.8053064 70.00117
1.3421773 70.00117
1.6106128 70.00117
1.8790482 70.00117
2.2817013 70.00117
2.415919 16.955158
2.5501368 16.855175
2.6843545 16.815182
2.6843545 16.785187
2.8185723 16.755192
2.95279 16.730196
3.0870078 16.680204
3.2212255 16.635212
3.2212255 16.600218
3.3554432 16.550226
3.489661 16.500235
3.6238787 16.445244
3.6238787 16.40525
3.7580965 16.365257
3.8923142 16.315266
4.0265317 16.275272
4.1607494 16.22528
4.1607494 16.180288
4.294967 16.135296
4.429185 16.080305
4.5634027 16.080305
