0.13421772 14.115275
2.415919 13.850269
4.6976204 13.585263
7.1135397 13.325257
9.529459 13.080252
11.81116 12.845246
14.092861 12.620241
16.374563 12.395236
18.522047 12.380236
20.535313 12.370235
22.682796 12.340235
24.83028 12.330235
27.11198 12.310234
29.259464 12.295234
31.406948 12.265233
33.554432 12.245233
35.836132 12.235232
37.8494 12.210232
39.996883 12.195231
42.144367 12.180231
44.15763 12.160231
46.1709 12.14523
48.318382 12.13523
50.465866 12.1102295
52.47913 12.100229
54.626614 12.075229
56.908318 12.060228
58.92158 12.035228
60.93485 12.015227
63.21655 11.995227
65.0956 11.970226
67.24308 11.960226
69.390564 11.940226
71.40383 11.925225
73.551315 11.900225
75.6988 11.890224
77.71207 11.865224
79.85955 11.845223
81.738594 11.825223
83.88608 11.810223
86.03356 11.790222
87.91261 11.775222
90.0601 11.755221
91.93914 11.740221
94.086624 11.730221
96.23411 11.71022
98.247375 11.70022
100.26064 11.68022
102.27391 11.67522
104.28718 11.660219
106.30044 11.650219
108.313705 11.640219
110.46119 11.615218
112.47446 11.605218
114.62194 11.580217
116.63521 11.575217
118.78269 11.560217
120.79595 11.550217
122.80922 11.540216
124.68827 11.525216
126.70154 11.505216
128.7148 11.485215
130.86229 11.475215
132.74133 11.465215
134.88881 11.445214
136.76787 11.445214
138.78113 11.440214
140.66017 11.435214
142.80766 11.430214
144.6867 11.430214
