0.5368709 42.224815
7.6504107 36.518597
14.092861 32.13266
19.730005 28.673191
24.83028 25.853664
29.259464 23.524055
33.554432 21.559385
37.580963 19.879667
40.80219 18.42991
44.29185 17.175121
47.378857 17.110132
50.33165 17.030146
53.28444 17.015148
56.371445 16.990152
59.458454 16.970156
62.411243 16.94016
65.63247 16.920164
68.85369 16.89017
71.80649 16.865173
74.89349 16.840178
77.9805 16.805183
80.93329 16.785187
84.020294 16.750193
86.97309 16.7102
89.92588 16.680204
93.1471 16.65021
96.09989 16.620214
99.1869 16.580221
102.00547 16.540228
104.95826 16.540228
