0.4026532 70.00117
7.918846 32.60276
14.092861 31.612698
18.790482 30.602867
24.696062 29.698019
28.99103 28.85816
33.15178 28.0233
36.238785 27.258429
39.996883 26.503555
43.08389 25.833668
46.707767 25.158781
49.66056 24.56388
53.418655 23.963982
58.51893 23.43907
61.3375 22.884163
65.49825 22.389246
68.719475 21.88933
73.4171 21.429407
76.63832 20.954487
81.60438 20.504562
84.15452 20.084633
88.181046 19.714695
90.32853 19.334759
92.61023 18.959822
94.89194 18.604881
97.03942 18.30993
99.32112 17.964989
101.468605 17.66504
105.89779 17.395084
109.25323 17.06514
113.68242 16.77019
116.63521 16.760191
121.06439 16.735195
124.01718 16.730196
127.10419 16.730196
