0.26843545 32.46273
0.5368709 29.877989
0.8053064 27.653362
1.0737418 25.723686
1.2079595 24.048967
1.476395 22.54422
1.7448305 21.22944
1.8790482 20.04464
2.1474836 18.96482
2.2817013 18.934826
2.5501368 18.899832
2.6843545 18.869837
2.8185723 18.824844
3.0870078 18.78985
3.2212255 18.764854
3.489661 18.739859
3.6238787 18.694866
3.8923142 18.649874
4.0265317 18.61488
4.294967 18.579885
4.429185 18.544891
4.5634027 18.514896
4.831838 18.484901
4.966056 18.444908
5.2344913 18.414913
5.368709 18.37492
5.6371446 18.339926
5.7713623 18.294933
5.90558 18.279936
6.1740155 18.234943
6.3082333 18.19995
6.5766687 18.159956
6.7108865 18.119963
6.979322 18.094967
7.1135397 18.054974
7.2477574 18.024979
7.516193 17.994984
7.6504107 17.964989
7.918846 17.919996
8.053063 17.885002
8.187282 17.855007
8.455717 17.820013
8.589934 17.78002
8.724153 17.740026
8.992588 17.710032
9.126805 17.675037
9.2610235 17.635044
9.529459 17.60505
9.663676 17.575054
9.7978945 17.530062
10.06633 17.505066
10.200547 17.470072
10.334765 17.430079
10.468983 17.430079
