0.4026532 70.00117
0.9395241 70.00117
1.0737418 22.729189
1.3421773 22.669199
1.476395 22.60921
1.6106128 22.564217
1.7448305 22.504227
1.8790482 22.434238
2.0132658 22.36925
2.1474836 22.30426
2.415919 22.289263
2.415919 22.24427
2.5501368 22.219275
2.6843545 22.199278
2.8185723 22.169283
2.95279 22.139288
3.0870078 22.104294
3.2212255 22.074299
3.3554432 22.054302
3.6238787 22.024307
3.6238787 21.999311
3.8923142 21.964317
4.0265317 21.94932
4.1607494 21.924324
4.294967 21.88933
4.429185 21.854336
4.5634027 21.799345
4.6976204 21.779348
4.831838 21.759352
4.966056 21.729357
5.1002736 21.689363
5.2344913 21.65437
5.368709 21.624374
5.502927 21.58938
5.6371446 21.554386
5.7713623 21.524391
5.90558 21.494396
6.039798 21.459402
6.1740155 21.429407
6.3082333 21.429407
