0.13421772 16.82018
3.0870078 15.845315
5.7713623 14.965295
8.589934 14.185277
11.408507 14.115275
13.824426 14.050274
16.374563 14.015273
18.9247 13.980272
21.609055 13.930271
23.890755 13.925271
26.440893 13.910271
28.99103 13.89027
31.406948 13.88027
33.82287 13.87027
36.373005 13.86027
38.654705 13.840269
41.070625 13.835269
43.62076 13.805268
46.036682 13.780268
48.58682 13.760267
51.136955 13.750267
53.418655 13.740267
55.834576 13.725266
58.384712 13.700266
60.800632 13.680265
63.21655 13.660265
65.766685 13.645265
68.18261 13.630264
70.73274 13.605264
73.01444 13.590263
75.43037 13.555263
77.84628 13.555263
