0.4026532 70.00117
12.6164665 70.00117
24.29341 40.00434
33.017563 38.674057
40.80219 37.433792
47.513077 36.263542
53.95553 35.17331
59.995323 34.133087
65.63247 33.152878
71.1354 32.22768
76.504105 31.342743
81.738594 30.517881
86.70465 29.723015
91.53649 28.97814
96.50255 28.273258
101.200165 27.588373
105.76357 26.923485
110.19276 26.308588
114.487724 25.708689
118.78269 25.143784
123.07766 24.593876
127.10419 24.063965
131.26494 23.564049
135.15726 23.07913
139.04956 22.619207
142.67345 22.164284
146.43153 21.734356
150.05542 21.314426
153.81352 20.924492
157.30318 20.534557
160.79283 20.154621
164.14828 19.79968
167.23529 19.44474
170.85916 19.429743
174.48305 19.409746
177.83849 19.374752
181.19394 19.349756
184.54938 19.32476
187.7706 19.289766
190.99182 19.249773
194.21306 19.234776
197.43428 19.199781
200.6555 19.169786
203.74251 19.14479
206.82951 19.114796
209.91652 19.0898
213.00354 19.069803
216.35898 19.039808
219.5802 19.009813
222.93565 18.979818
226.29109 18.949823
229.51231 18.91483
232.59932 18.889833
235.68633 18.864838
238.77333 18.829844
241.86035 18.804848
244.94736 18.779852
248.03436 18.744858
251.25558 18.724861
254.34259 18.694866
257.4296 18.664871
260.65082 18.654873
264.00626 18.634876
267.2275 18.604881
270.44873 18.589884
273.80417 18.569887
277.0254 18.54989
279.97818 18.524895
283.1994 18.504898
286.2864 18.474903
289.3734 18.454906
292.59464 18.439909
295.9501 18.419912
299.30554 18.394917
302.39255 18.384918
305.34534 18.359922
308.56656 18.329927
311.78778 18.31493
315.009 18.299932
318.36444 18.264938
321.31723 18.244942
324.40424 18.224945
327.6255 18.204948
330.8467 18.184952
334.06793 18.169954
337.02072 18.13996
340.24194 18.129961
343.32895 18.119963
346.55017 18.104965
349.63718 18.094967
352.72418 18.084969
355.9454 18.07497
359.16663 18.059973
362.25366 18.049974
365.34067 18.034977
368.5619 18.029978
371.7831 18.01498
374.87012 18.009981
377.95712 17.994984
381.04413 17.979986
384.26535 17.964989
387.08392 17.95999
390.17093 17.929995
393.39215 17.919996
396.7476 17.909998
399.83463 17.904999
402.7874 17.885002
405.87442 17.880003
408.96143 17.865005
412.04843 17.855007
415.13544 17.845009
418.35666 17.83501
421.44366 17.815014
424.53067 17.800016
427.7519 17.790018
430.57047 17.790018
433.65747 17.770021
436.8787 17.755024
439.9657 17.750025
443.18695 17.740026
446.40817 17.730028
449.36096 17.71503
452.31375 17.705032
455.40076 17.680037
458.48776 17.675037
461.57477 17.670038
464.66177 17.66004
467.74878 17.635044
470.8358 17.635044
474.057 17.620047
477.0098 17.610048
480.0968 17.60005
483.45227 17.590052
486.53928 17.580053
489.7605 17.560057
492.98172 17.550058
496.06873 17.54006
499.28995 17.520063
502.24274 17.515064
505.32974 17.495068
508.55096 17.495068
511.50375 17.47507
514.59076 17.470072
517.40936 17.460073
520.49634 17.445076
523.5834 17.435078
526.67035 17.42008
529.7574 17.405083
532.71014 17.395084
535.7972 17.380087
538.88416 17.380087
541.9712 17.36509
545.05817 17.350092
548.011 17.345093
551.09796 17.335094
553.91656 17.310099
557.0036 17.3001
560.359 17.290102
563.44604 17.280104
566.533 17.265106
569.62006 17.250109
572.70703 17.24511
575.52563 17.230112
578.6126 17.225113
581.5654 17.210115
584.5182 17.200117
587.6052 17.200117
