0.26843545 32.207676
5.6371446 29.523048
10.603201 27.233433
15.569257 25.268763
19.730005 23.55405
23.890755 22.0643
27.648851 20.749521
31.406948 19.579718
34.76239 18.529894
37.983616 17.575054
40.80219 17.530062
43.8892 17.48507
46.841988 17.435078
50.063213 17.385086
53.28444 17.340094
56.103012 17.275105
59.190018 17.235111
62.277027 17.18512
65.36404 17.135128
68.316826 17.085136
71.40383 17.030146
74.62505 17.00515
77.44363 16.985153
80.396416 16.95016
83.617645 16.925163
86.43622 16.905167
89.38901 16.875172
92.47601 16.855175
95.4288 16.855175
