0.26843545 20.834507
3.7580965 18.939825
7.1135397 17.345093
10.334765 15.995318
13.019119 14.8202915
15.703474 13.800268
18.119392 13.750267
20.535313 13.735267
22.817015 13.720266
25.232933 13.705266
27.648851 13.690266
30.064772 13.665265
32.346474 13.645265
34.76239 13.625264
37.17831 13.600264
39.59423 13.575263
41.741714 13.555263
44.15763 13.530262
46.57355 13.505261
49.123688 13.475261
51.40539 13.44526
53.82131 13.420259
56.23723 13.385259
58.51893 13.355258
60.93485 13.330257
63.35077 13.330257
