0.26843545 18.879835
3.3554432 18.07997
6.3082333 17.345093
9.2610235 16.670206
12.213813 16.025314
15.166603 15.450306
17.71674 14.900293
20.13266 14.850292
22.548578 14.795291
25.098715 14.76029
27.648851 14.730289
30.198988 14.695289
32.749126 14.670288
35.299263 14.640287
37.983616 14.615287
40.667973 14.575286
43.08389 14.550285
45.49981 14.530285
47.91573 14.495284
50.465866 14.480284
53.016003 14.465283
55.700356 14.420282
58.384712 14.400282
60.800632 14.365281
63.21655 14.33528
65.63247 14.30528
68.18261 14.270279
70.86696 14.245278
73.28288 14.210278
75.833015 14.175277
78.383156 14.150276
81.067505 14.110275
83.34921 14.075274
85.76513 14.070274
88.181046 14.045274
90.8654 14.020273
93.1471 14.005273
95.56302 13.985272
98.11316 13.970272
100.6633 13.9452715
102.945 13.930271
105.360916 13.920271
107.91106 13.89027
110.46119 13.87527
113.01133 13.855269
115.56146 13.835269
117.97739 13.8152685
120.3933 13.800268
122.943436 13.780268
125.22514 13.765267
127.64106 13.765267
