0.26843545 28.153278
4.831838 26.17861
9.126805 24.458899
13.287555 22.954151
17.045652 21.609377
20.66953 20.409578
24.024973 19.32976
27.380417 18.364922
30.198988 17.490068
33.15178 16.675205
35.836132 15.935317
38.52049 15.250301
41.20484 14.620287
43.75498 14.045274
46.1709 13.510262
48.318382 13.00025
50.465866 12.540239
52.47913 12.105229
54.492397 12.085229
56.505665 12.055228
58.787365 12.035228
60.800632 12.005227
62.813896 11.975226
64.96138 11.960226
66.97465 11.9352255
68.987915 11.905225
71.1354 11.890224
73.14866 11.860224
75.29614 11.835223
77.17519 11.8052225
79.18846 11.775222
81.335945 11.755221
83.34921 11.730221
85.36247 11.70522
87.37574 11.68522
89.38901 11.655219
91.402275 11.6302185
93.415535 11.600218
95.56302 11.570217
97.44207 11.555217
99.45534 11.545217
101.33438 11.530216
103.481865 11.515216
105.49513 11.495215
107.5084 11.490215
109.38745 11.470215
111.534935 11.460215
113.41398 11.440214
115.427246 11.420214
117.44051 11.405213
119.45378 11.395213
121.332825 11.375213
123.34609 11.365212
125.35936 11.355212
127.37263 11.335212
129.3859 11.320211
131.39915 11.295211
133.41241 11.285211
135.42569 11.27021
137.43895 11.25521
139.31801 11.24521
141.33127 11.24521
