0.13421772 18.814846
2.1474836 18.37492
4.0265317 17.939993
5.90558 17.525063
7.918846 17.140127
9.529459 16.810183
11.274289 16.435246
13.1533375 16.095303
14.76395 15.770313
16.240345 15.470306
17.985176 15.2003
19.595789 14.905293
21.206402 14.630287
22.682796 14.355281
24.159191 14.100275
25.769804 13.845269
27.246199 13.590263
28.856812 13.380259
30.198988 13.380259
31.675385 13.380259
33.15178 13.380259
34.628174 13.380259
36.10457 13.380259
37.446747 13.380259
38.788925 13.380259
40.399536 13.380259
41.607494 13.380259
43.08389 13.380259
44.694504 13.380259
