0.4026532 34.273117
0.67108864 31.737677
0.9395241 29.473057
1.2079595 27.60337
1.476395 25.933651
1.7448305 24.4489
1.8790482 23.13412
2.1474836 21.94932
2.415919 20.909494
2.5501368 19.964653
2.8185723 19.079802
2.95279 18.284935
3.0870078 17.54506
3.3554432 16.860174
3.489661 16.250277
3.6238787 15.655311
3.7580965 15.110298
3.8923142 14.595286
4.0265317 14.585286
4.1607494 14.575286
4.429185 14.560286
4.5634027 14.550285
4.6976204 14.540285
4.831838 14.530285
4.966056 14.525285
5.1002736 14.505284
5.2344913 14.495284
5.368709 14.475284
5.502927 14.465283
5.6371446 14.445283
5.90558 14.430283
6.039798 14.420282
6.039798 14.410282
6.3082333 14.395282
6.442451 14.380281
6.5766687 14.360281
6.7108865 14.350281
6.845104 14.33528
6.979322 14.32528
7.1135397 14.31528
7.2477574 14.285279
7.381975 14.275279
7.516193 14.265279
7.6504107 14.255279
7.918846 14.230278
8.053063 14.220278
8.187282 14.195277
8.321499 14.180277
8.455717 14.160276
8.589934 14.140276
8.724153 14.1202755
8.85837 14.105275
8.992588 14.095275
9.126805 14.085275
9.2610235 14.085275
