0.13421772 15.750313
2.95279 14.480284
5.368709 13.400259
7.7846284 12.480238
9.932112 12.450237
12.213813 12.405236
14.227079 12.380236
16.240345 12.350235
18.522047 12.315234
20.66953 12.280233
22.817015 12.250233
25.098715 12.225232
27.380417 12.190231
29.5279 12.160231
31.541166 12.12523
33.957085 12.105229
36.10457 12.070229
38.252052 12.040228
40.26532 12.010227
42.278584 11.975226
44.560287 11.930225
46.707767 11.905225
48.85525 11.870224
51.002735 11.840223
53.016003 11.815223
55.163486 11.785222
57.445187 11.745221
59.72689 11.720221
61.874374 11.68522
63.887638 11.655219
65.9009 11.6302185
67.91417 11.590218
69.79322 11.560217
72.07492 11.525216
74.222404 11.500216
76.504105 11.465215
78.51737 11.440214
80.664856 11.440214
