0.26843545 31.227762
5.502927 29.268091
10.334765 27.528383
14.629732 25.968645
18.790482 24.593876
23.08545 23.329088
26.843546 22.209276
30.467424 21.17945
33.957085 20.234608
37.312527 19.369753
40.26532 18.569887
43.352325 17.84001
46.439335 17.160124
49.257908 16.515232
51.94226 15.935317
54.492397 15.380304
57.042534 15.345304
59.59267 15.320303
62.142807 15.290302
64.69295 15.250301
67.24308 15.220301
69.79322 15.1853
72.34335 15.160299
74.75928 15.120298
77.30941 15.090298
79.725334 15.060297
82.27547 15.015296
84.82561 14.980295
87.24152 14.9502945
89.92588 14.925294
92.3418 14.885293
94.89194 14.855292
97.30785 14.810291
99.99221 14.7752905
102.54234 14.74029
105.09248 14.715289
107.5084 14.680288
109.92432 14.650288
112.47446 14.620287
114.75616 14.6002865
117.17207 14.585286
119.588 14.570286
122.13813 14.545285
124.68827 14.530285
126.96997 14.525285
129.52011 14.495284
131.93602 14.4702835
134.48616 14.455283
136.90208 14.440283
139.18378 14.420282
141.5997 14.400282
144.01562 14.380281
146.43153 14.365281
148.98167 14.345281
151.26338 14.33028
153.81352 14.31028
156.22943 14.285279
158.64536 14.265279
161.1955 14.255279
163.74562 14.240278
166.02733 14.215278
168.44325 14.195277
170.9934 14.175277
173.4093 14.160276
175.69101 14.135276
178.24115 14.1202755
180.65706 14.100275
182.93877 14.080275
185.4889 14.070274
187.90482 14.050274
190.18652 14.030273
192.60243 14.010273
195.15257 13.985272
197.5685 13.975272
199.98442 13.955272
202.26611 13.930271
204.68204 13.920271
207.09796 13.89027
209.51387 13.88527
211.9298 13.86027
214.21149 13.835269
216.76163 13.820269
219.17755 13.800268
221.59348 13.790268
223.87517 13.775268
226.15688 13.750267
228.57278 13.735267
230.98871 13.705266
233.40463 13.690266
235.82054 13.680265
238.10225 13.655265
240.24974 13.635264
242.66565 13.620264
245.21579 13.600264
247.63171 13.585263
250.04762 13.585263
