0.26843545 70.00117
6.5766687 70.00117
12.884902 70.00117
18.790482 70.00117
25.098715 70.00117
30.870077 22.24927
35.5677 20.75452
39.862667 19.38475
43.352325 18.129961
46.976204 17.055141
49.794777 16.065308
52.61335 15.1953
55.834576 14.4252825
58.787365 14.370281
60.532196 14.350281
62.54546 14.31028
64.55872 14.245278
65.766685 14.185277
67.108864 14.155276
68.45104 14.085275
69.79322 14.040274
71.1354 13.9902725
72.34335 13.930271
73.551315 13.88527
74.89349 13.845269
76.23567 13.790268
77.30941 13.765267
78.51737 13.750267
79.85955 13.725266
81.335945 13.700266
82.40968 13.680265
83.75186 13.660265
85.09404 13.660265
