0.13421772 16.975155
3.0870078 16.580221
5.7713623 16.205284
8.589934 15.845315
11.274289 15.510307
13.824426 15.1753
16.374563 14.855292
18.790482 14.550285
21.206402 14.260279
23.488102 13.980272
25.904022 13.700266
28.454159 13.44026
30.601643 13.190254
33.017563 12.945249
35.165043 12.705243
37.446747 12.485238
39.46001 12.255233
41.741714 12.250233
43.8892 12.220232
46.036682 12.205232
48.184166 12.190231
50.465866 12.170231
52.747566 12.15023
54.760834 12.13523
56.774097 12.13523
59.0558 12.12523
61.3375 12.11523
63.35077 12.11523
65.49825 12.100229
67.51152 12.090229
69.79322 12.090229
71.940704 12.080229
73.95397 12.070229
75.96723 12.065228
78.383156 12.055228
80.664856 12.040228
82.81234 12.040228
