0.26843545 30.267923
5.2344913 29.123116
9.7978945 28.07829
14.227079 27.093456
18.656263 26.163612
23.08545 25.313755
27.11198 24.50889
31.27273 23.749018
35.165043 23.034138
38.92314 22.354252
42.54702 21.71436
46.036682 21.124458
49.52634 20.549555
53.016003 20.009645
56.23723 19.489733
59.458454 18.999815
62.54546 18.524895
65.49825 18.084969
68.45104 17.65504
71.40383 17.250109
74.222404 16.865173
77.17519 16.500235
79.85955 16.160292
82.67812 15.8253145
85.22826 15.510307
87.91261 15.1903
90.462746 14.890293
93.012886 14.605287
95.4288 14.32028
97.84473 14.065274
100.26064 13.810268
102.67656 13.560263
104.95826 13.320257
107.10574 13.080252
109.38745 12.860247
111.534935 12.860247
113.68242 12.845246
115.96412 12.830246
118.1116 12.830246
