0.5368709 70.00117
7.6504107 70.00117
14.361297 70.00117
20.535313 70.00117
24.964497 24.228937
28.185722 22.274265
30.735859 20.604546
33.017563 19.159788
34.76239 17.890001
36.50722 16.77019
38.117836 15.805314
39.862667 14.915294
41.473278 14.135276
42.815456 13.395259
44.29185 13.345258
45.768246 13.315257
47.110424 13.270256
49.52634 13.255256
51.94226 13.230255
55.02927 13.225255
59.190018 13.215255
62.277027 13.180254
66.57199 13.170254
69.52478 13.150253
73.14866 13.130253
77.04098 13.120253
81.335945 13.110252
84.42295 13.070251
88.04683 13.045251
91.53649 13.02525
94.89194 13.02525
