0.8053064 70.00117
13.1533375 70.00117
24.83028 70.00117
36.64144 70.00117
49.123688 70.00117
60.800632 70.00117
72.74601 70.00117
84.42295 70.00117
96.23411 70.00117
106.56888 19.439741
112.877106 19.32476
115.8299 19.224777
119.18534 19.129793
122.40657 19.054806
125.493576 18.96482
128.58058 18.879835
131.39915 18.799849
134.48616 18.73486
137.84161 18.67487
141.06284 18.629877
144.28406 18.569887
147.37106 18.504898
150.45807 18.454906
153.54507 18.399916
156.6321 18.329927
159.7191 18.279936
162.8061 18.209948
165.89311 18.154957
169.11433 18.089968
172.20134 18.039976
175.28835 17.969988
178.37537 17.9
181.32816 17.84001
184.14673 17.785019
187.09952 17.725029
190.0523 17.650042
193.0051 17.630045
196.22632 17.590052
199.04489 17.555058
201.99768 17.520063
204.95047 17.490068
207.90326 17.460073
210.85605 17.415081
213.67462 17.380087
216.76163 17.345093
219.71442 17.310099
222.53299 17.275105
225.48578 17.24011
228.43857 17.205116
231.25714 17.165123
234.20993 17.145126
237.16272 17.115131
240.11551 17.080137
242.93408 17.045143
245.88687 17.00515
248.70544 16.970156
251.65823 16.935162
254.74525 16.895168
257.5638 16.865173
260.3824 16.82518
263.33517 16.795185
266.28796 16.760191
269.24075 16.730196
272.05933 16.730196
