0.4026532 30.202934
5.502927 27.878325
10.200547 25.873661
14.495515 24.123955
18.656263 22.594212
22.280144 21.249437
25.769804 20.049639
29.393682 18.96482
32.614906 17.994984
35.701916 17.110132
38.654705 16.305267
41.33906 15.565309
44.15763 14.895293
46.841988 14.270279
49.52634 13.700266
52.076477 13.185254
54.35818 12.695243
56.63988 12.235232
58.787365 11.810223
60.666412 11.780222
62.948116 11.7602215
65.0956 11.730221
67.24308 11.70522
69.390564 11.69022
71.40383 11.650219
73.4171 11.625218
75.29614 11.620218
77.30941 11.610218
79.456894 11.605218
81.738594 11.595218
84.020294 11.590218
86.16778 11.580217
88.181046 11.575217
90.32853 11.555217
92.47601 11.540216
94.48928 11.535216
96.36833 11.525216
98.38159 11.515216
100.26064 11.495215
102.40813 11.485215
104.68983 11.475215
106.83731 11.465215
108.984795 11.460215
111.13228 11.450214
113.145546 11.440214
115.29303 11.425214
117.3063 11.405213
119.31956 11.390213
121.332825 11.380213
123.48031 11.365212
125.493576 11.365212
