0.26843545 21.439405
3.7580965 19.56972
7.1135397 17.989985
10.06633 16.615215
12.750684 15.440306
15.435039 14.415282
17.850958 14.33028
20.401094 14.230278
22.951231 14.145276
25.367151 14.070274
27.78307 13.970272
30.064772 13.910271
32.346474 13.850269
34.76239 13.795268
37.17831 13.740267
39.59423 13.680265
41.87593 13.615264
44.15763 13.590263
46.57355 13.550262
48.98947 13.510262
51.27117 13.475261
53.55287 13.44026
55.968792 13.410259
58.250492 13.365258
60.532196 13.335258
63.082333 13.295257
65.22981 13.255256
67.51152 13.230255
69.92744 13.195254
72.20914 13.160254
74.49084 13.125253
76.77254 13.085252
79.054245 13.050251
81.335945 13.02525
83.617645 12.980249
86.03356 12.945249
88.181046 12.905248
90.462746 12.905248
