0.4026532 54.952534
0.67108864 45.650547
1.2079595 38.984123
1.476395 33.983055
1.7448305 30.132946
2.1474836 27.053463
2.415919 24.593876
2.5501368 22.529222
2.8185723 20.794514
2.95279 19.289766
3.2212255 17.989985
3.3554432 17.969988
3.6238787 17.939993
3.7580965 17.909998
3.8923142 17.890001
4.1607494 17.84001
4.294967 17.820013
4.429185 17.785019
4.6976204 17.755024
4.831838 17.71503
4.966056 17.685036
5.2344913 17.645042
5.368709 17.615047
5.502927 17.575054
5.7713623 17.53506
5.90558 17.500067
6.039798 17.460073
6.3082333 17.415081
6.442451 17.415081
