0.67108864 70.00117
1.3421773 70.00117
2.0132658 70.00117
2.8185723 70.00117
3.0870078 20.33959
3.2212255 19.434742
3.3554432 18.60988
3.6238787 17.850008
3.7580965 17.140127
3.8923142 16.480238
4.0265317 15.885316
4.1607494 15.315303
4.294967 14.780291
4.5634027 14.75529
4.6976204 14.730289
4.831838 14.690289
4.966056 14.660288
5.1002736 14.620287
5.2344913 14.6002865
5.502927 14.575286
5.6371446 14.535285
5.7713623 14.515285
5.90558 14.475284
6.039798 14.445283
6.3082333 14.410282
6.442451 14.375281
6.5766687 14.345281
6.7108865 14.31528
6.845104 14.30528
6.979322 14.290279
7.1135397 14.270279
7.2477574 14.250278
7.516193 14.235278
7.6504107 14.225278
7.7846284 14.210278
7.918846 14.190277
8.053063 14.175277
8.187282 14.165277
8.321499 14.155276
8.455717 14.145276
8.589934 14.125276
8.724153 14.105275
8.85837 14.090275
8.992588 14.075274
9.126805 14.065274
9.2610235 14.035274
9.395241 14.020273
9.529459 14.005273
9.663676 13.9902725
9.7978945 13.965272
9.932112 13.940271
10.06633 13.925271
10.200547 13.925271
