0.26843545 19.054806
3.6238787 17.700033
6.5766687 16.515232
9.529459 15.480307
12.079596 14.550285
14.495515 13.725266
16.642998 12.99525
18.790482 12.330235
20.937965 12.300234
23.08545 12.260233
25.232933 12.225232
27.246199 12.170231
29.259464 12.14023
31.541166 12.100229
33.554432 12.065228
35.5677 12.030228
37.8494 11.990227
39.996883 11.945226
41.87593 11.900225
44.023415 11.860224
46.1709 11.820223
48.184166 11.780222
50.19743 11.735221
52.210697 11.70022
54.35818 11.655219
56.371445 11.625218
58.384712 11.590218
60.26376 11.570217
62.411243 11.545217
64.55872 11.520216
66.57199 11.500216
68.45104 11.480215
70.46431 11.450214
72.34335 11.435214
74.49084 11.410213
76.63832 11.390213
78.65159 11.360212
80.664856 11.340212
82.5439 11.315211
84.42295 11.285211
86.43622 11.27521
88.5837 11.25521
90.731186 11.230209
92.74445 11.200209
94.75771 11.180208
96.77098 11.160208
98.78425 11.135207
100.6633 11.110207
102.54234 11.110207
