0.13421772 21.83434
3.8923142 19.599714
7.2477574 17.745026
10.06633 16.210283
12.750684 14.930294
15.032386 13.820269
17.314087 12.850246
19.46157 12.800245
21.743273 12.750244
23.756538 12.700243
26.038239 12.640242
28.051506 12.5902405
30.333206 12.56024
32.346474 12.535239
34.628174 12.500238
36.775658 12.465238
38.788925 12.440237
40.80219 12.415236
42.815456 12.380236
44.96294 12.345235
47.110424 12.310234
49.257908 12.275233
51.27117 12.250233
53.28444 12.220232
55.56614 12.190231
57.579407 12.160231
59.59267 12.13023
61.740154 12.095229
63.75342 12.065228
65.766685 12.035228
67.91417 12.000227
69.92744 11.975226
71.940704 11.940226
74.08819 11.905225
76.23567 11.880224
78.24893 11.850224
80.2622 11.810223
82.40968 11.790222
84.42295 11.7602215
86.43622 11.725221
88.449486 11.69522
90.59697 11.650219
92.61023 11.625218
94.6235 11.600218
96.50255 11.565217
98.65003 11.530216
100.797516 11.510216
102.81078 11.475215
104.82404 11.445214
106.83731 11.415214
108.71636 11.380213
110.863846 11.380213
