0.13421772 29.648027
5.1002736 27.49339
9.663676 25.623703
13.824426 23.97898
17.850958 22.509226
21.609055 21.219442
25.232933 20.069635
28.588377 19.014812
31.675385 18.929827
34.89661 18.839842
37.983616 18.754856
41.070625 18.66987
44.15763 18.579885
47.24464 18.4899
50.465866 18.404915
53.55287 18.324928
56.505665 18.229944
59.59267 18.159956
62.54546 18.104965
65.49825 18.029978
68.58526 17.999983
71.40383 17.964989
74.49084 17.934994
77.44363 17.890001
80.53064 17.860006
83.48343 17.830011
86.302 17.795017
89.38901 17.750025
92.47601 17.72003
95.4288 17.695034
98.515816 17.65504
101.468605 17.620047
104.28718 17.580053
107.37418 17.555058
110.46119 17.515064
113.27976 17.47507
116.23255 17.445076
119.31956 17.415081
122.27235 17.370089
125.09092 17.340094
128.04372 17.295101
130.9965 17.270105
134.08351 17.230112
137.0363 17.200117
139.98909 17.165123
142.94188 17.140127
145.89467 17.095135
148.84746 17.06014
151.80025 17.025146
154.75304 16.995152
157.57161 16.995152
