0.13421772 19.574718
0.4026532 19.234776
0.5368709 19.219778
0.67108864 19.20978
0.9395241 19.164787
1.0737418 19.164787
1.2079595 19.134792
1.476395 19.104797
1.6106128 19.0848
1.8790482 19.064804
2.0132658 19.054806
2.2817013 19.03481
2.415919 19.014812
2.6843545 18.999815
2.8185723 18.97482
2.95279 18.949823
3.2212255 18.929827
3.3554432 18.90483
3.489661 18.884834
3.7580965 18.864838
3.8923142 18.839842
4.1607494 18.834843
4.294967 18.809847
4.429185 18.769854
4.6976204 18.754856
4.831838 18.72986
4.966056 18.714863
5.2344913 18.689867
5.368709 18.66987
5.6371446 18.644875
5.7713623 18.619879
6.039798 18.60988
6.1740155 18.589884
6.3082333 18.569887
6.5766687 18.54989
6.7108865 18.534893
6.845104 18.509897
7.1135397 18.4949
7.2477574 18.464905
7.516193 18.43491
7.6504107 18.424911
7.7846284 18.409914
7.918846 18.37992
8.187282 18.36992
8.321499 18.339926
8.589934 18.31493
8.724153 18.284935
8.85837 18.274937
8.992588 18.239943
9.2610235 18.219946
9.395241 18.204948
9.529459 18.174953
9.7978945 18.164955
9.932112 18.13996
10.06633 18.124962
10.334765 18.104965
10.468983 18.07997
10.603201 18.054974
10.871636 18.01998
11.005854 18.01498
11.140072 17.979986
11.408507 17.969988
11.542725 17.949991
11.676942 17.904999
11.945377 17.895
12.079596 17.865005
12.213813 17.855007
12.482248 17.830011
12.6164665 17.815014
12.750684 17.785019
12.884902 17.760023
13.1533375 17.735027
13.287555 17.71503
13.421773 17.705032
13.690208 17.675037
13.824426 17.66504
13.958644 17.640043
14.227079 17.635044
14.361297 17.620047
14.495515 17.60005
14.76395 17.590052
14.898168 17.580053
15.032386 17.565056
15.300821 17.565056
15.435039 17.54506
15.569257 17.54006
15.837692 17.525063
15.9719095 17.525063
16.106127 17.500067
16.240345 17.490068
16.508781 17.470072
16.642998 17.460073
16.777216 17.460073
