0.13421772 13.225255
0.26843545 12.760244
0.4026532 12.720243
0.5368709 12.690243
0.67108864 12.670242
0.8053064 12.630241
0.9395241 12.615241
1.0737418 12.58524
1.2079595 12.56524
1.3421773 12.55524
1.3421773 12.535239
1.476395 12.515239
1.6106128 12.500238
1.7448305 12.485238
1.8790482 12.470238
2.0132658 12.455237
2.1474836 12.440237
2.2817013 12.425237
2.415919 12.400236
2.5501368 12.395236
2.6843545 12.380236
2.8185723 12.365235
2.95279 12.355235
3.0870078 12.335235
3.0870078 12.325234
3.2212255 12.300234
3.3554432 12.280233
3.489661 12.270233
3.6238787 12.260233
3.7580965 12.240232
3.8923142 12.230232
4.0265317 12.225232
4.1607494 12.190231
4.294967 12.170231
4.429185 12.160231
4.5634027 12.14023
4.6976204 12.13023
4.831838 12.11523
4.966056 12.100229
5.1002736 12.095229
5.2344913 12.075229
5.2344913 12.055228
5.368709 12.040228
5.502927 12.025228
5.6371446 12.010227
5.7713623 11.995227
5.90558 11.9802265
6.039798 11.965226
6.1740155 11.960226
6.3082333 11.9352255
6.3082333 11.920225
6.442451 11.890224
6.5766687 11.880224
6.7108865 11.875224
6.845104 11.850224
6.979322 11.845223
7.1135397 11.830223
7.2477574 11.8052225
7.381975 11.795222
7.516193 11.780222
7.6504107 11.7602215
7.7846284 11.750221
7.918846 11.740221
7.918846 11.720221
8.053063 11.70022
8.187282 11.68522
8.321499 11.670219
8.455717 11.665219
8.589934 11.640219
8.724153 11.625218
8.85837 11.620218
8.992588 11.595218
8.992588 11.595218
