0.26843545 24.118956
0.5368709 23.334087
0.67108864 22.614208
0.9395241 21.929323
1.2079595 21.29443
1.3421773 20.689531
1.6106128 20.109629
1.7448305 19.56472
2.0132658 19.049807
2.1474836 18.559889
2.415919 18.07997
2.5501368 17.640043
2.6843545 17.225113
2.95279 16.810183
3.0870078 16.425247
3.2212255 16.05531
3.3554432 15.700312
3.489661 15.350304
3.6238787 15.030296
3.7580965 14.715289
3.8923142 14.400282
4.1607494 14.110275
4.1607494 13.840269
4.294967 13.565263
4.429185 13.305257
4.6976204 13.060251
4.831838 12.805245
4.966056 12.58524
5.1002736 12.355235
5.1002736 12.13023
5.2344913 12.12523
5.368709 12.1102295
5.502927 12.095229
5.6371446 12.085229
5.7713623 12.075229
5.90558 12.050228
6.039798 12.040228
6.1740155 12.030228
6.3082333 12.010227
6.442451 11.995227
6.5766687 11.985227
6.7108865 11.965226
6.7108865 11.940226
6.845104 11.930225
6.979322 11.920225
7.1135397 11.910225
7.2477574 11.890224
7.381975 11.890224
7.516193 11.870224
7.6504107 11.850224
7.7846284 11.830223
7.918846 11.830223
7.918846 11.820223
8.053063 11.8052225
8.187282 11.8052225
