0.26843545 22.404243
4.1607494 21.924324
7.918846 21.489397
11.542725 21.04947
15.032386 20.619543
18.790482 20.234608
22.145926 19.844673
25.635586 19.469736
28.99103 19.104797
32.078037 18.764854
35.43348 18.424911
38.788925 18.404915
42.010147 18.37992
45.231373 18.349924
48.58682 18.324928
51.94226 18.299932
55.163486 18.279936
58.384712 18.244942
61.605938 18.219946
64.69295 18.19495
67.77995 18.174953
70.73274 18.13496
73.81975 18.114964
76.77254 18.089968
79.85955 18.054974
82.946556 18.034977
86.03356 18.004982
89.120575 17.979986
92.3418 17.95999
95.56302 17.944992
98.78425 17.929995
101.73704 17.909998
104.68983 17.880003
107.77683 17.860006
110.863846 17.845009
113.816635 17.830011
117.03786 17.820013
120.25909 17.800016
123.211876 17.785019
126.29888 17.770021
129.25168 17.750025
132.33868 17.725029
135.5599 17.710032
138.78113 17.695034
141.5997 17.670038
144.6867 17.66004
147.77371 17.640043
150.86073 17.635044
154.08195 17.630045
156.90053 17.625046
159.85332 17.610048
162.94032 17.60505
166.16154 17.60005
169.38277 17.59505
172.33556 17.585052
175.42258 17.580053
178.37537 17.570055
181.59659 17.565056
184.41516 17.550058
187.36795 17.54506
190.45496 17.54006
193.54196 17.530062
196.76318 17.520063
199.58176 17.515064
202.53455 17.510065
205.62157 17.505066
208.84279 17.500067
211.79558 17.490068
214.74837 17.48507
217.83537 17.470072
221.0566 17.465073
224.00938 17.450075
226.96217 17.445076
229.91496 17.440077
233.1362 17.435078
235.95477 17.42508
239.04178 17.410082
242.12878 17.410082
245.21579 17.400084
248.03436 17.390085
251.12137 17.385086
254.20837 17.380087
257.29538 17.36509
260.24817 17.36009
263.33517 17.345093
266.42218 17.330095
269.24075 17.325096
272.19354 17.320097
275.28055 17.310099
278.36755 17.3051
281.32034 17.290102
284.27316 17.285103
287.36017 17.280104
290.04453 17.270105
292.9973 17.265106
296.21854 17.255108
299.0371 17.24511
301.9899 17.24011
305.0769 17.225113
308.1639 17.220114
310.98248 17.210115
313.93527 17.210115
