0.26843545 21.959318
0.4026532 20.964485
0.67108864 20.03964
0.8053064 19.20478
0.9395241 18.424911
1.0737418 17.700033
1.3421773 17.035145
1.476395 16.415249
1.6106128 15.830315
1.7448305 15.290302
1.8790482 15.245301
2.1474836 15.220301
2.2817013 15.1853
2.415919 15.155299
2.5501368 15.120298
2.6843545 15.090298
2.8185723 15.040297
3.0870078 15.010296
3.2212255 14.970295
3.3554432 14.945294
3.489661 14.905293
3.6238787 14.870293
3.7580965 14.845292
4.0265317 14.795291
4.1607494 14.76529
4.294967 14.725289
4.429185 14.700289
4.5634027 14.665288
4.6976204 14.6452875
4.966056 14.630287
5.1002736 14.6002865
5.2344913 14.595286
5.368709 14.575286
5.502927 14.555285
5.6371446 14.530285
5.7713623 14.520285
6.039798 14.495284
6.1740155 14.480284
6.3082333 14.460283
6.442451 14.440283
6.5766687 14.435283
6.7108865 14.400282
6.845104 14.400282
6.979322 14.370281
7.1135397 14.350281
7.2477574 14.33028
7.381975 14.32028
7.516193 14.30528
7.7846284 14.285279
7.918846 14.265279
8.053063 14.235278
8.187282 14.230278
8.321499 14.210278
8.455717 14.190277
8.589934 14.165277
8.724153 14.155276
8.85837 14.135276
8.992588 14.125276
9.126805 14.095275
9.2610235 14.075274
9.395241 14.065274
9.529459 14.040274
9.663676 14.025273
9.7978945 14.020273
9.932112 13.9902725
10.06633 13.970272
10.200547 13.955272
10.334765 13.935271
10.468983 13.920271
10.603201 13.905271
10.737418 13.88527
10.871636 13.86527
11.005854 13.845269
11.140072 13.825269
11.274289 13.820269
11.542725 13.790268
11.676942 13.775268
11.81116 13.765267
11.945377 13.730267
12.079596 13.720266
12.213813 13.705266
12.348031 13.680265
12.482248 13.665265
12.6164665 13.655265
12.750684 13.630264
12.884902 13.615264
13.1533375 13.590263
13.1533375 13.570263
13.287555 13.555263
13.55599 13.555263
