0.26843545 24.783844
0.4026532 23.714024
0.67108864 22.759184
0.8053064 21.844337
1.0737418 21.004478
1.2079595 20.229609
1.476395 19.499731
1.6106128 18.819845
1.8790482 18.78985
2.0132658 18.739859
2.2817013 18.709864
2.415919 18.664871
2.6843545 18.629877
2.8185723 18.574886
3.0870078 18.544891
3.2212255 18.484901
3.489661 18.449907
3.6238787 18.414913
3.7580965 18.37992
4.0265317 18.324928
4.1607494 18.289934
4.429185 18.234943
4.5634027 18.19995
4.6976204 18.154957
4.966056 18.114964
5.1002736 18.059973
5.2344913 18.024979
5.502927 17.989985
5.6371446 17.934994
5.90558 17.9
6.039798 17.84001
6.1740155 17.825012
6.442451 17.805016
6.5766687 17.78002
6.7108865 17.765022
6.845104 17.735027
7.1135397 17.71503
7.2477574 17.700033
7.381975 17.670038
7.6504107 17.650042
7.7846284 17.630045
7.918846 17.60005
8.053063 17.580053
8.187282 17.550058
8.455717 17.53506
8.589934 17.510065
8.85837 17.495068
8.992588 17.455074
9.126805 17.435078
9.2610235 17.42008
9.529459 17.395084
9.663676 17.370089
9.932112 17.340094
10.06633 17.320097
10.334765 17.3051
10.468983 17.275105
10.603201 17.255108
10.871636 17.230112
11.005854 17.210115
11.140072 17.18012
11.408507 17.18012
