0.4026532 43.620113
7.516193 42.049778
14.092861 40.579464
20.535313 39.20417
26.843546 37.918896
33.15178 36.71364
39.057358 35.583397
44.82872 34.51317
50.465866 33.517956
55.968792 32.56275
61.203285 31.687685
66.437775 30.837828
71.269615 30.027964
76.10145 29.268091
81.067505 28.533215
85.63091 27.853329
90.0601 27.19344
94.48928 26.558546
98.78425 25.958647
103.21343 25.388742
107.37418 24.828836
111.40071 24.298925
115.56146 23.804008
119.31956 23.31409
123.211876 22.849169
126.96997 22.394245
130.59386 21.954319
134.08351 21.554386
137.70738 21.159452
141.19705 20.769518
144.6867 20.384583
147.90794 20.029642
151.26338 19.669703
154.35039 19.334759
157.70583 19.319761
160.92706 19.304764
164.01407 19.294765
167.10107 19.274769
170.45651 19.26477
173.67773 19.249773
176.76476 19.239775
179.85176 19.20478
182.93877 19.194782
186.2942 19.179785
189.51543 19.164787
192.60243 19.14479
195.68945 19.134792
198.91068 19.114796
202.1319 19.099798
205.2189 19.0848
208.30591 19.079802
211.52715 19.064804
214.61415 19.044807
217.96959 19.02481
221.19081 19.014812
224.41205 18.984818
227.49905 18.979818
230.45184 18.959822
233.53885 18.954823
236.76007 18.924828
239.9813 18.90983
243.20253 18.894833
246.42375 18.869837
249.37654 18.85484
252.46355 18.84984
255.55055 18.829844
258.50336 18.814846
261.72458 18.784851
264.9458 18.779852
268.16702 18.754856
271.25403 18.744858
274.47525 18.724861
277.56226 18.714863
280.64926 18.684868
283.73627 18.66987
286.82327 18.649874
289.77606 18.639875
292.72885 18.60988
295.68164 18.594883
298.9029 18.569887
302.1241 18.55489
305.47955 18.529894
308.56656 18.519896
311.78778 18.499899
314.8748 18.479902
318.23022 18.454906
321.45145 18.439909
324.6727 18.414913
327.89392 18.409914
330.98093 18.394917
334.20215 18.384918
337.28915 18.359922
340.51038 18.349924
343.59738 18.349924
346.8186 18.324928
349.9056 18.31493
353.12683 18.304932
356.34805 18.299932
359.4351 18.284935
362.79053 18.274937
366.01175 18.25994
369.23297 18.244942
372.31998 18.234943
375.27277 18.229944
378.22556 18.214947
381.04413 18.19995
384.13113 18.18995
387.21814 18.179953
390.17093 18.164955
393.25793 18.159956
396.21072 18.144958
399.29773 18.13996
402.38474 18.114964
405.47177 18.109964
408.693 18.099966
411.78 18.084969
415.00122 18.07997
418.08823 18.064972
420.9068 18.049974
423.8596 18.049974
426.81238 18.029978
429.89938 18.024979
432.85217 18.009981
435.93918 17.999983
439.02618 17.989985
442.1132 17.974987
445.3344 17.95999
448.42142 17.95499
451.3742 17.939993
454.327 17.934994
457.2798 17.919996
460.36682 17.909998
463.3196 17.895
466.40662 17.885002
469.62784 17.870005
472.58063 17.865005
475.53342 17.845009
478.4862 17.84001
481.5732 17.825012
484.66022 17.810015
487.74722 17.805016
490.83423 17.790018
493.6528 17.78002
496.7398 17.765022
499.6926 17.750025
502.7796 17.750025
505.8666 17.72003
508.9536 17.71503
511.9064 17.705032
514.8592 17.695034
517.812 17.680037
520.899 17.675037
523.986 17.65504
526.9388 17.645042
529.8916 17.635044
532.84436 17.630045
535.9314 17.620047
539.1526 17.59505
542.1054 17.585052
544.92395 17.580053
548.011 17.565056
551.09796 17.555058
554.185 17.54006
557.0036 17.53506
559.95636 17.520063
563.0434 17.515064
566.2646 17.500067
569.0832 17.48507
572.03595 17.470072
574.9888 17.460073
578.07574 17.450075
581.02856 17.440077
584.11554 17.42508
587.2026 17.42008
590.28955 17.400084
593.10815 17.395084
596.0609 17.385086
599.14795 17.375088
602.2349 17.36009
605.18774 17.355091
608.2747 17.335094
611.36176 17.325096
614.1803 17.310099
617.1331 17.3001
620.0859 17.285103
623.1729 17.275105
626.1257 17.270105
629.0785 17.260107
632.1655 17.24011
635.1183 17.235111
638.0711 17.220114
641.02386 17.210115
643.84247 17.18512
646.661 17.175121
649.88226 17.170122
652.7008 17.155125
655.6536 17.140127
658.7406 17.140127
661.5592 17.115131
664.51196 17.115131
667.4648 17.100134
670.2833 17.090136
673.23615 17.090136
