0.26843545 42.649906
4.294967 39.474228
7.918846 36.72864
11.140072 34.33813
14.092861 32.207676
16.911434 30.307917
19.595789 28.633198
22.41436 27.123451
24.964497 25.738684
27.246199 24.483894
29.5279 23.359083
31.675385 22.319258
33.68865 21.34942
35.701916 20.479567
37.580963 19.639708
39.46001 18.90983
41.20484 18.204948
42.949673 17.560057
44.694504 16.95016
46.1709 16.910166
47.91573 16.870173
49.52634 16.83018
51.27117 16.790186
52.881786 16.735195
54.22396 16.720198
55.968792 16.7052
57.579407 16.685204
59.0558 16.670206
60.666412 16.655209
62.142807 16.640211
63.887638 16.620214
65.49825 16.610216
66.97465 16.59022
68.719475 16.575222
70.19587 16.560225
71.80649 16.540228
73.551315 16.52523
75.16193 16.52523
