0.13421772 28.313251
0.4026532 25.798674
0.67108864 23.694027
0.9395241 21.88933
1.0737418 20.33959
1.2079595 18.97482
1.476395 17.78002
1.6106128 16.735195
1.7448305 15.7803135
2.0132658 14.925294
2.1474836 14.155276
2.2817013 14.125276
2.415919 14.060274
2.5501368 14.025273
2.6843545 13.975272
2.8185723 13.950272
2.95279 13.920271
3.0870078 13.90027
3.2212255 13.88527
3.3554432 13.855269
3.489661 13.840269
3.6238787 13.820269
3.7580965 13.790268
3.8923142 13.755267
4.0265317 13.740267
4.1607494 13.725266
4.294967 13.705266
4.429185 13.685266
4.5634027 13.645265
4.6976204 13.645265
