0.26843545 32.017635
3.3554432 30.76284
6.3082333 29.658026
9.2610235 28.593204
12.079596 27.60837
15.032386 26.673527
18.522047 25.813671
21.072184 25.028803
23.756538 24.293926
27.246199 23.55905
29.5279 22.89916
32.212254 22.284264
35.701916 21.669367
38.788925 21.104462
43.21811 20.549555
46.1709 19.994648
51.002735 19.534725
54.626614 19.039808
57.579407 18.584885
61.740154 18.164955
64.69295 17.770021
68.85369 17.385086
71.80649 17.010149
74.75928 16.670206
78.51737 16.320265
81.47016 16.010317
83.34921 15.700312
86.570435 15.380304
89.120575 15.110298
90.99962 14.8202915
93.1471 14.555285
96.9052 14.285279
99.32112 14.035274
103.34765 13.775268
106.032005 13.550262
110.46119 13.325257
114.62194 13.320257
118.64847 13.320257
