1.6106128 25.69869
4.0265317 24.50889
6.1740155 23.409075
8.321499 22.409243
10.334765 21.494396
12.213813 20.629541
14.227079 19.834675
15.9719095 19.094799
17.71674 18.404915
19.46157 17.750025
21.206402 17.700033
22.682796 17.675037
24.159191 17.630045
25.769804 17.570055
27.380417 17.53506
28.856812 17.48007
30.467424 17.440077
32.078037 17.400084
33.68865 17.36009
35.165043 17.315098
36.775658 17.280104
38.52049 17.24011
39.996883 17.190119
41.473278 17.160124
43.21811 17.095135
44.694504 17.055141
46.305115 17.020147
47.647293 16.975155
49.257908 16.925163
50.86852 16.89017
52.47913 16.855175
54.089745 16.810183
55.431923 16.76519
57.042534 16.715199
58.51893 16.675205
59.995323 16.675205
