0.26843545 24.98881
2.95279 24.233936
5.6371446 23.489061
8.053063 22.814175
10.468983 22.179281
12.750684 21.559385
15.032386 20.99948
17.045652 20.449572
19.327353 19.904663
21.340618 19.424744
23.219667 18.944824
25.098715 18.504898
26.843546 18.07997
28.722593 17.680037
30.601643 17.285103
32.48069 16.910166
34.359737 16.540228
36.238785 16.220282
39.59423 15.890316
44.023415 15.590309
47.110424 15.280302
49.52634 14.995296
53.418655 14.715289
56.63988 14.460283
61.069065 14.195277
65.49825 13.940271
68.85369 13.705266
72.07492 13.515262
74.35662 13.255256
77.44363 13.255256
81.738594 13.255256
84.95982 13.255256
89.38901 13.255256
92.3418 13.255256
96.636765 13.255256
99.85799 13.255256
104.28718 13.255256
107.23997 13.255256
111.534935 13.255256
114.62194 13.255256
