0.26843545 37.253754
0.5368709 32.872818
0.8053064 29.383072
1.0737418 26.53855
1.3421773 24.183945
1.6106128 22.199278
1.7448305 20.499563
1.8790482 19.019812
2.1474836 17.740026
2.2817013 17.66504
2.415919 17.575054
2.6843545 17.490068
2.8185723 17.400084
2.95279 17.36009
3.2212255 17.320097
3.3554432 17.265106
3.489661 17.220114
3.6238787 17.18512
3.8923142 17.145126
4.0265317 17.100134
4.1607494 17.050142
4.429185 17.00015
4.5634027 16.965157
4.6976204 16.915165
4.831838 16.865173
4.966056 16.82518
5.1002736 16.775188
5.368709 16.730196
5.502927 16.695202
5.6371446 16.65021
5.90558 16.595219
6.039798 16.565224
6.1740155 16.515232
6.442451 16.46524
6.5766687 16.425247
6.7108865 16.380255
6.845104 16.380255
