0.4026532 50.091496
0.9395241 44.195236
1.2079595 39.519238
1.476395 35.708424
1.8790482 32.55275
2.1474836 29.897985
2.415919 27.623367
2.6843545 25.653698
2.8185723 23.933987
3.0870078 22.42924
3.2212255 21.094463
3.489661 19.894665
3.6238787 18.809847
3.8923142 17.870005
4.0265317 17.83501
4.1607494 17.810015
4.429185 17.78002
4.5634027 17.735027
4.6976204 17.705032
4.831838 17.675037
5.1002736 17.635044
5.2344913 17.60005
5.368709 17.565056
5.502927 17.530062
5.7713623 17.500067
5.90558 17.460073
6.039798 17.42508
6.3082333 17.400084
6.442451 17.36509
6.5766687 17.325096
6.845104 17.290102
6.979322 17.265106
7.1135397 17.225113
7.2477574 17.190119
7.516193 17.155125
7.6504107 17.115131
7.7846284 17.095135
7.918846 17.06014
8.053063 17.025146
8.321499 17.00015
8.455717 16.965157
8.589934 16.925163
8.85837 16.88517
8.992588 16.855175
9.126805 16.83018
9.395241 16.780188
9.529459 16.755192
9.663676 16.755192
