0.67108864 13.260256
2.95279 13.01525
5.2344913 12.785245
7.2477574 12.775245
9.529459 12.7652445
11.676942 12.750244
13.690208 12.750244
15.9719095 12.745244
18.119392 12.725244
20.401094 12.720243
23.219667 12.710243
25.501368 12.700243
27.648851 12.685243
29.930553 12.685243
32.078037 12.680243
34.359737 12.680243
36.50722 12.670242
38.788925 12.665242
40.936405 12.660242
42.815456 12.650242
45.097157 12.650242
47.24464 12.645242
49.52634 12.640242
51.673824 12.6352415
53.68709 12.630241
56.103012 12.610241
58.250492 12.600241
60.26376 12.600241
62.54546 12.5902405
64.69295 12.57524
66.70621 12.55024
68.987915 12.55024
71.1354 12.535239
73.14866 12.510239
75.29614 12.510239
