0.13421772 16.40525
3.0870078 15.830315
5.7713623 15.7803135
8.589934 15.735312
11.274289 15.695312
14.092861 15.6503105
16.777216 15.595309
19.595789 15.560308
22.41436 15.505307
25.232933 15.455306
27.648851 15.410305
30.064772 15.360304
32.48069 15.340303
35.030827 15.305303
37.715183 15.270302
40.26532 15.245301
42.949673 15.215301
45.768246 15.1853
48.184166 15.165299
50.734303 15.140299
53.15022 15.115298
55.700356 15.085298
58.250492 15.050297
60.93485 15.025296
63.75342 14.985295
66.16934 14.960295
68.45104 14.925294
71.001175 14.895293
73.68553 14.870293
76.36989 14.835292
78.785805 14.835292
81.20173 14.805291
83.75186 14.780291
86.43622 14.7752905
89.120575 14.75529
91.53649 14.74529
93.95241 14.715289
96.50255 14.695289
99.05268 14.680288
101.73704 14.650288
104.421394 14.640287
106.703094 14.625287
109.25323 14.605287
111.80337 14.585286
114.35351 14.565286
117.03786 14.550285
119.31956 14.530285
121.8697 14.510284
124.285614 14.490284
126.96997 14.480284
129.52011 14.455283
131.93602 14.440283
134.35194 14.420282
136.90208 14.395282
139.45222 14.390282
142.00235 14.365281
144.41827 14.350281
146.96841 14.32528
149.51855 14.30028
152.2029 14.2952795
154.61882 14.270279
157.03474 14.250278
159.58488 14.240278
162.26923 14.220278
164.55093 14.195277
167.10107 14.175277
169.65121 14.165277
172.33556 14.145276
174.61726 14.1202755
177.03319 14.100275
179.71754 14.090275
181.99924 14.070274
184.41516 14.045274
186.9653 14.030273
189.64964 14.010273
191.93135 14.000273
194.48149 13.975272
197.03163 13.960272
199.31332 13.940271
201.72925 13.910271
204.4136 13.905271
206.6953 13.88527
208.977 13.86527
211.66136 13.850269
214.07727 13.820269
216.4932 13.820269
219.04333 13.785268
221.59348 13.765267
224.00938 13.755267
226.42531 13.735267
228.70702 13.725266
231.12292 13.700266
233.67307 13.685266
235.95477 13.660265
238.37068 13.635264
241.05504 13.620264
243.33675 13.610264
245.75266 13.585263
248.3028 13.570263
250.71872 13.550262
253.26886 13.530262
255.41634 13.530262
