0.8053064 20.029642
0.9395241 19.44974
1.0737418 18.91483
1.2079595 18.37992
1.3421773 17.9
1.476395 17.465073
1.476395 17.035145
1.6106128 16.610216
1.7448305 16.185287
1.8790482 15.800314
2.0132658 15.405305
2.1474836 15.115298
2.2817013 14.74529
2.2817013 14.460283
2.415919 14.125276
2.5501368 13.845269
2.6843545 13.520262
2.6843545 13.275256
2.8185723 13.02525
2.8185723 12.780245
2.95279 12.540239
3.0870078 12.280233
3.0870078 12.050228
3.2212255 11.825223
3.3554432 11.610218
3.489661 11.415214
3.489661 11.225209
3.6238787 11.215209
3.6238787 11.190208
3.7580965 11.190208
