0.26843545 17.390085
3.0870078 16.140295
5.7713623 15.045297
8.053063 14.955295
10.603201 14.860292
13.1533375 14.76529
15.837692 14.700289
18.25361 14.625287
20.803747 14.590286
23.219667 14.555285
25.904022 14.520285
28.31994 14.480284
31.004295 14.450283
33.554432 14.410282
36.10457 14.375281
38.52049 14.33528
40.80219 14.2952795
43.08389 14.270279
45.365593 14.235278
47.78151 14.195277
50.19743 14.155276
52.61335 14.1202755
55.02927 14.085275
57.445187 14.055274
60.129543 14.015273
62.411243 13.985272
64.69295 13.9452715
67.108864 13.910271
69.52478 13.87527
71.940704 13.835269
74.35662 13.790268
76.63832 13.7702675
78.92002 13.725266
81.335945 13.685266
83.88608 13.650265
86.16778 13.620264
88.5837 13.575263
90.99962 13.550262
93.415535 13.510262
95.69724 13.480261
97.97894 13.43526
100.529076 13.390259
102.67656 13.370258
105.09248 13.330257
107.5084 13.2902565
109.7901 13.260256
112.0718 13.220255
114.487724 13.180254
116.769424 13.150253
119.18534 13.150253
