4.5634027 35.49838
7.516193 33.63798
10.603201 31.962639
13.421773 30.437895
16.106127 29.043129
18.656263 27.793339
21.072184 26.623535
23.488102 25.548716
25.769804 24.548883
27.917288 23.624039
30.064772 22.764183
32.212254 21.94932
33.957085 21.899328
35.970352 21.844337
37.715183 21.779348
39.59423 21.729357
41.473278 21.70936
43.352325 21.689363
45.231373 21.669367
47.24464 21.65437
49.123688 21.629374
51.136955 21.609377
53.016003 21.58938
55.02927 21.569384
56.908318 21.549387
58.65315 21.524391
60.666412 21.504395
62.54546 21.484398
64.55872 21.464401
66.437775 21.439405
68.18261 21.41441
70.06165 21.394413
71.940704 21.379416
73.68553 21.359419
75.6988 21.339422
77.57785 21.324425
79.32268 21.279432
81.335945 21.254436
83.08077 21.239439
84.95982 21.219442
86.83887 21.194447
88.71792 21.17945
90.462746 21.154453
92.47601 21.154453
