3.2212255 25.10879
5.6371446 24.51389
7.7846284 23.938986
9.7978945 23.409075
11.81116 22.89916
13.958644 22.404243
15.9719095 21.94932
17.850958 21.489397
19.730005 21.05447
21.474836 20.63454
23.353884 20.234608
25.098715 19.839674
26.843546 19.459738
28.588377 19.104797
30.198988 18.744858
32.078037 18.399916
33.82287 18.07997
35.43348 17.77502
37.044094 17.760023
38.654705 17.735027
40.26532 17.71503
41.87593 17.695034
43.486546 17.680037
45.231373 17.66004
46.841988 17.630045
48.58682 17.620047
50.063213 17.59505
51.539608 17.580053
53.016003 17.560057
54.492397 17.530062
56.103012 17.500067
57.713623 17.48507
59.324234 17.460073
61.069065 17.445076
62.67968 17.42008
64.02186 17.395084
65.49825 17.375088
67.108864 17.36009
68.719475 17.345093
70.330086 17.325096
72.07492 17.295101
73.4171 17.275105
74.89349 17.260107
76.504105 17.235111
78.114716 17.220114
79.725334 17.195118
81.20173 17.175121
82.67812 17.150126
84.15452 17.130129
85.76513 17.100134
87.37574 17.085136
88.852135 17.050142
90.32853 17.030146
91.93914 17.00015
93.683975 16.995152
95.16037 16.965157
96.636765 16.95016
98.247375 16.930162
99.72377 16.920164
101.06595 16.910166
102.67656 16.900167
104.28718 16.89017
105.76357 16.88017
107.23997 16.875172
108.85058 16.865173
110.19276 16.855175
111.80337 16.850176
113.27976 16.840178
114.89037 16.83018
116.36677 16.83018
