0.4026532 36.498592
6.442451 34.85324
12.079596 33.35792
17.582521 31.977636
22.817015 30.70285
27.917288 29.51805
32.614906 28.428232
37.17831 27.418402
41.87593 26.47356
46.57355 25.58371
51.002735 24.74885
55.163486 23.97898
59.190018 23.244102
63.082333 22.559217
66.84043 21.904327
70.46431 21.28943
74.222404 20.704529
77.57785 20.144623
81.067505 19.62471
84.42295 19.119795
87.64417 18.644875
90.59697 18.18995
93.54976 17.755024
96.636765 17.345093
99.72377 16.95016
102.54234 16.565224
105.49513 16.205284
108.17949 15.860315
110.863846 15.525308
113.68242 15.2053
116.36677 14.890293
119.051125 14.595286
121.73548 14.31528
124.285614 14.035274
126.567314 13.7702675
128.84901 13.515262
131.26494 13.260256
133.54665 13.030251
135.96255 12.790245
138.11005 12.58024
140.39174 12.56524
142.53923 12.545239
144.6867 12.525239
146.96841 12.500238
149.11589 12.490238
151.12917 12.480238
153.41086 12.470238
155.55835 12.455237
157.57161 12.430237
159.85332 12.410236
162.0008 12.395236
164.14828 12.375236
166.42998 12.350235
168.71169 12.340235
170.85916 12.330235
172.87244 12.305234
175.15413 12.2852335
177.30162 12.270233
179.31488 12.255233
181.59659 12.245233
183.87828 12.235232
185.89156 12.225232
187.90482 12.210232
190.18652 12.185231
192.334 12.175231
194.48149 12.160231
196.49475 12.14523
198.77646 12.12023
200.92393 12.11523
203.07143 12.105229
205.08469 12.090229
207.3664 12.070229
209.64809 12.065228
211.79558 12.040228
213.80884 12.025228
215.82211 12.020227
218.1038 12.005227
220.2513 11.990227
222.39877 11.970226
224.41205 11.970226
