0.4026532 40.2844
7.381975 36.96369
13.958644 34.14809
19.998442 31.702682
25.501368 29.588037
30.735859 27.738348
35.43348 26.088625
40.26532 24.618872
44.82872 23.294094
48.98947 22.109293
52.881786 21.034473
56.774097 20.03964
60.26376 19.14479
63.75342 18.329927
67.108864 17.560057
70.46431 16.850176
73.4171 16.205284
76.504105 15.600309
79.32268 15.040297
82.007034 14.510284
84.55717 14.455283
87.24152 14.4252825
90.0601 14.370281
92.74445 14.350281
95.294586 14.32028
97.84473 14.290279
100.529076 14.265279
103.21343 14.220278
105.76357 14.205277
108.313705 14.185277
110.863846 14.145276
113.548195 14.1202755
116.23255 14.090275
118.64847 14.055274
121.19861 14.030273
124.01718 13.995273
126.567314 13.975272
129.11745 13.940271
131.66759 13.910271
134.35194 13.89027
136.76787 13.86527
139.31801 13.825269
142.13658 13.795268
144.6867 13.7702675
147.37106 13.740267
150.05542 13.705266
152.47134 13.675265
155.02147 13.6402645
157.84004 13.610264
160.39018 13.590263
163.07454 13.580263
165.62468 13.575263
168.17482 13.575263
