0.26843545 26.028635
4.6976204 25.118788
8.85837 24.27393
12.884902 23.474064
16.777216 22.734188
20.937965 22.034306
24.696062 21.369417
28.454159 20.744522
32.078037 20.154621
35.43348 19.594715
38.92314 19.064804
42.278584 18.569887
45.49981 18.07497
48.4526 17.625046
51.673824 17.200117
54.760834 16.780188
57.84784 16.385254
60.666412 16.010317
63.75342 15.64531
66.57199 15.295302
69.12213 14.970295
71.80649 14.6452875
74.49084 14.345281
77.44363 14.045274
80.12798 13.765267
82.40968 13.495261
84.82561 13.225255
87.24152 12.980249
89.523224 12.740244
91.93914 12.505239
94.355064 12.270233
96.636765 12.045228
98.65003 11.830223
100.797516 11.815223
102.945 11.795222
105.09248 11.780222
107.23997 11.765222
109.38745 11.755221
111.66915 11.745221
113.68242 11.730221
115.69568 11.70522
117.84316 11.69522
119.99065 11.670219
122.13813 11.650219
124.285614 11.625218
126.567314 11.620218
128.84901 11.615218
130.9965 11.615218
133.00977 11.605218
135.02304 11.600218
137.30473 11.595218
139.45222 11.585217
141.5997 11.580217
143.61298 11.575217
145.49202 11.570217
147.6395 11.565217
149.9212 11.565217
