0.13421772 17.765022
0.26843545 16.975155
0.4026532 16.255276
0.5368709 15.590309
0.8053064 14.975295
0.9395241 14.390282
1.0737418 13.87027
1.2079595 13.365258
1.3421773 12.905248
1.3421773 12.875247
1.476395 12.845246
1.6106128 12.805245
1.7448305 12.780245
1.8790482 12.750244
2.0132658 12.725244
2.1474836 12.690243
2.2817013 12.665242
2.415919 12.645242
2.5501368 12.610241
2.6843545 12.57524
2.8185723 12.535239
2.95279 12.515239
3.0870078 12.495238
3.2212255 12.450237
3.2212255 12.430237
3.3554432 12.390236
3.489661 12.375236
3.6238787 12.330235
3.7580965 12.320234
3.8923142 12.315234
4.0265317 12.295234
4.1607494 12.280233
4.294967 12.265233
4.429185 12.230232
4.5634027 12.225232
4.6976204 12.215232
4.831838 12.195231
4.966056 12.185231
4.966056 12.180231
5.1002736 12.14523
5.2344913 12.13523
5.368709 12.13023
5.502927 12.105229
5.6371446 12.090229
5.7713623 12.085229
5.90558 12.070229
6.039798 12.035228
6.039798 12.030228
6.1740155 12.015227
6.3082333 12.000227
6.442451 11.990227
6.5766687 11.970226
6.7108865 11.945226
6.845104 11.940226
6.979322 11.925225
7.1135397 11.910225
7.2477574 11.895225
7.381975 11.885224
7.516193 11.865224
7.6504107 11.845223
7.7846284 11.830223
7.918846 11.820223
7.918846 11.800222
8.053063 11.785222
8.187282 11.780222
8.321499 11.745221
8.455717 11.735221
8.589934 11.730221
8.724153 11.70522
8.85837 11.69022
8.85837 11.68522
8.992588 11.655219
9.126805 11.645219
9.2610235 11.645219
