5.7713623 28.303253
5.90558 27.538382
6.039798 26.8285
6.3082333 26.148615
6.442451 25.493725
6.5766687 24.888826
6.7108865 24.298925
6.979322 23.719023
7.1135397 23.179113
7.2477574 22.6642
7.381975 22.169283
7.516193 21.669367
7.6504107 21.23444
7.7846284 20.789515
7.918846 20.369585
8.053063 19.944656
8.187282 19.56972
8.321499 19.184784
8.455717 18.814846
8.455717 18.459906
8.589934 18.129961
8.724153 17.790018
8.85837 17.465073
8.992588 17.435078
9.126805 17.430079
9.2610235 17.390085
9.2610235 17.36009
9.395241 17.350092
9.529459 17.315098
9.663676 17.270105
9.663676 17.250109
9.7978945 17.24511
9.932112 17.215115
10.06633 17.18512
10.200547 17.175121
10.334765 17.165123
10.468983 17.165123
