1.0737418 41.334625
1.3421773 36.34356
1.7448305 32.41272
2.0132658 29.2181
2.2817013 26.588541
2.5501368 24.383911
2.6843545 22.494228
2.95279 20.884499
3.0870078 19.464737
3.2212255 18.209948
3.489661 17.115131
3.6238787 16.140295
3.7580965 15.250301
3.8923142 14.465283
4.0265317 14.410282
4.294967 14.360281
4.294967 14.30028
4.5634027 14.255279
4.6976204 14.200277
4.831838 14.160276
4.966056 14.095275
5.1002736 14.045274
5.2344913 14.015273
5.368709 13.985272
5.502927 13.950272
5.6371446 13.925271
5.7713623 13.90027
5.90558 13.89027
6.1740155 13.840269
6.3082333 13.840269
