0.5368709 41.179592
0.8053064 39.89932
1.0737418 38.659054
1.2079595 37.503807
1.476395 36.428577
1.6106128 35.423363
1.8790482 34.47816
2.0132658 33.58797
2.1474836 32.74779
2.415919 31.942642
2.5501368 31.212765
2.6843545 30.472889
2.95279 29.803001
2.95279 29.148111
3.2212255 28.513218
3.3554432 27.90832
3.489661 27.343414
3.6238787 26.788507
3.8923142 26.248598
4.0265317 25.748682
4.1607494 25.248766
4.294967 24.773846
4.429185 24.33392
4.5634027 23.878996
4.831838 23.459066
4.966056 23.064133
5.1002736 22.669199
5.2344913 22.294262
5.368709 21.899328
5.502927 21.899328
