0.26843545 23.73902
4.429185 22.474232
8.455717 21.344421
12.079596 20.319593
15.703474 19.38475
19.058918 18.529894
22.280144 17.735027
25.501368 17.00515
28.588377 16.340261
31.406948 15.715312
34.091305 15.135299
36.775658 14.585286
39.59423 14.085275
42.010147 14.030273
44.426067 13.995273
46.976204 13.955272
49.66056 13.905271
51.94226 13.88027
54.492397 13.825269
57.042534 13.7702675
59.324234 13.745267
61.740154 13.720266
64.29029 13.705266
66.70621 13.690266
69.12213 13.680265
71.672264 13.665265
73.95397 13.655265
76.36989 13.6402645
78.92002 13.630264
81.335945 13.625264
83.75186 13.615264
86.03356 13.600264
88.449486 13.585263
91.133835 13.575263
93.415535 13.560263
95.965675 13.545262
98.247375 13.535262
100.6633 13.525262
103.21343 13.510262
105.49513 13.500261
108.04527 13.485261
110.32697 13.470261
112.74289 13.45526
115.15881 13.45526
