0.26843545 14.040274
0.26843545 13.775268
0.5368709 13.525262
0.67108864 13.275256
0.67108864 13.050251
0.8053064 12.820246
1.0737418 12.815246
1.2079595 12.795245
1.2079595 12.775245
1.3421773 12.7652445
1.476395 12.755244
1.6106128 12.745244
1.7448305 12.720243
1.8790482 12.715243
2.0132658 12.705243
2.1474836 12.690243
2.2817013 12.675242
2.415919 12.660242
2.5501368 12.640242
2.6843545 12.6352415
2.8185723 12.620241
2.95279 12.605241
3.0870078 12.5902405
3.0870078 12.57024
3.2212255 12.56024
3.3554432 12.540239
3.489661 12.535239
3.6238787 12.525239
3.7580965 12.510239
3.8923142 12.485238
4.0265317 12.475238
4.1607494 12.470238
4.294967 12.450237
4.429185 12.440237
4.5634027 12.430237
4.6976204 12.405236
4.831838 12.390236
4.966056 12.380236
4.966056 12.360235
5.1002736 12.345235
5.2344913 12.330235
5.368709 12.315234
5.502927 12.305234
5.6371446 12.290234
5.7713623 12.280233
5.90558 12.270233
6.039798 12.255233
6.1740155 12.235232
6.3082333 12.220232
6.442451 12.210232
6.5766687 12.200232
6.7108865 12.175231
6.7108865 12.160231
6.845104 12.14023
6.979322 12.12523
7.1135397 12.11523
7.2477574 12.105229
7.381975 12.085229
7.516193 12.075229
7.6504107 12.065228
7.7846284 12.050228
7.7846284 12.035228
7.918846 12.030228
8.053063 12.020227
8.187282 12.015227
8.321499 12.010227
8.455717 12.000227
8.589934 11.995227
8.724153 11.9802265
8.85837 11.970226
8.992588 11.965226
8.992588 11.965226
9.126805 11.950226
9.2610235 11.950226
9.395241 11.925225
9.529459 11.925225
9.663676 11.915225
9.7978945 11.910225
9.932112 11.900225
10.06633 11.900225
10.200547 11.885224
10.334765 11.885224
10.468983 11.880224
10.603201 11.870224
10.603201 11.865224
10.737418 11.860224
10.871636 11.840223
11.005854 11.835223
11.140072 11.825223
11.274289 11.810223
11.408507 11.810223
