0.4026532 21.16945
5.1002736 20.764519
8.992588 20.359587
12.482248 19.974651
16.642998 19.604713
20.401094 19.249773
23.488102 18.899832
27.514635 18.564888
30.870077 18.534893
33.957085 18.509897
37.715183 18.479902
40.80219 18.449907
44.560287 18.424911
47.78151 18.394917
51.40539 18.364922
54.35818 18.334927
57.98206 18.30993
61.605938 18.279936
64.69295 18.264938
67.91417 18.244942
71.269615 18.229944
74.75928 18.209948
78.51737 18.19995
82.14125 18.184952
85.09404 18.154957
88.181046 18.144958
90.99962 18.13496
94.75771 18.124962
98.247375 18.099966
101.60282 18.094967
104.82404 18.054974
108.17949 18.044975
111.40071 18.024979
114.35351 18.004982
117.70895 17.984985
120.661736 17.969988
123.882965 17.944992
126.96997 17.929995
130.32541 17.904999
133.2782 17.895
136.63365 17.870005
139.58644 17.845009
142.94188 17.83501
146.02888 17.830011
149.51855 17.810015
152.73978 17.800016
156.09521 17.795017
159.31644 17.785019
162.94032 17.770021
166.16154 17.755024
169.11433 17.740026
172.33556 17.730028
175.28835 17.710032
178.77802 17.710032
181.7308 17.695034
185.08624 17.675037
187.90482 17.670038
191.26027 17.66004
194.21306 17.650042
197.43428 17.635044
200.78972 17.625046
203.74251 17.615047
206.96373 17.60005
210.18497 17.590052
213.13776 17.580053
216.22476 17.555058
219.5802 17.555058
222.39877 17.54006
225.48578 17.53506
228.57278 17.515064
231.79402 17.510065
234.88103 17.500067
238.10225 17.48507
241.5919 17.47507
244.5447 17.470072
247.76593 17.450075
251.12137 17.440077
254.07416 17.42508
257.16116 17.42508
260.5166 17.405083
263.4694 17.390085
266.5564 17.385086
269.77762 17.375088
272.99887 17.36009
275.95166 17.345093
279.17288 17.330095
282.66254 17.325096
285.4811 17.3001
288.5681 17.295101
291.78934 17.285103
294.6079 17.265106
297.69492 17.260107
300.78192 17.24511
304.13736 17.24511
307.09015 17.220114
310.3114 17.220114
