3.7580965 43.42507
7.2477574 40.724495
10.737418 38.333984
14.092861 36.20353
17.179869 34.28312
20.13266 32.542747
22.951231 30.962807
25.769804 29.538046
28.31994 28.218267
30.870077 26.983475
33.017563 25.888659
35.43348 24.828836
37.715183 23.883995
39.728447 22.974148
41.741714 22.144287
43.75498 21.364418
45.768246 21.29443
47.78151 21.244438
49.52634 21.204445
51.40539 21.184448
53.418655 21.159452
55.163486 21.144455
57.042534 21.11946
58.92158 21.099463
60.666412 21.079466
62.54546 21.05947
64.42451 21.039473
66.16934 21.019476
68.048386 20.99448
69.92744 20.969484
71.672264 20.949488
73.551315 20.93449
75.56458 20.919493
77.44363 20.894497
79.32268 20.8795
81.067505 20.844505
82.946556 20.824509
84.82561 20.804512
86.570435 20.784515
88.449486 20.75952
90.19431 20.739523
91.93914 20.714527
93.95241 20.714527
