0.26843545 31.882652
5.7713623 29.39807
10.737418 27.268427
15.435039 25.413738
19.730005 23.779013
23.756538 22.344254
27.648851 21.05947
31.406948 19.909662
34.76239 18.874836
37.8494 18.79485
40.936405 18.709864
44.023415 18.634876
47.24464 18.544891
50.33165 18.459906
53.55287 18.37492
56.774097 18.289934
59.995323 18.19495
62.948116 18.114964
66.035126 18.024979
69.25635 17.939993
72.61179 17.855007
75.56458 17.760023
78.51737 17.705032
81.60438 17.635044
84.55717 17.580053
87.64417 17.515064
90.731186 17.450075
93.683975 17.415081
96.77098 17.380087
99.85799 17.345093
102.81078 17.3051
105.89779 17.270105
108.71636 17.250109
111.80337 17.215115
114.75616 17.175121
117.84316 17.140127
120.661736 17.105133
123.74875 17.06014
126.567314 17.035145
129.52011 16.995152
132.4729 16.975155
135.42569 16.930162
138.24426 16.895168
141.33127 16.895168
