0.5368709 32.617764
0.67108864 31.822662
0.8053064 31.032795
1.0737418 30.317915
1.2079595 29.613033
1.476395 28.933147
1.6106128 28.298254
1.7448305 27.683357
2.0132658 27.093456
2.0132658 26.508554
2.2817013 25.958647
2.415919 25.438734
2.5501368 24.933819
2.8185723 24.458899
2.95279 23.97398
3.0870078 23.514057
3.2212255 23.074131
3.3554432 22.649202
3.489661 22.239271
3.6238787 21.83434
3.8923142 21.814342
4.0265317 21.779348
4.1607494 21.739355
4.294967 21.719358
4.294967 21.684364
4.5634027 21.639372
4.6976204 21.614376
4.6976204 21.58938
4.831838 21.53439
5.1002736 21.519392
5.1002736 21.489397
5.2344913 21.464401
5.502927 21.454403
5.6371446 21.439405
5.7713623 21.424408
5.90558 21.404411
6.039798 21.394413
6.1740155 21.374416
6.3082333 21.35442
6.442451 21.35442
6.5766687 21.339422
6.7108865 21.309427
6.845104 21.28943
6.979322 21.279432
7.1135397 21.279432
