0.13421772 16.855175
0.26843545 15.445306
0.5368709 14.230278
0.67108864 13.190254
0.67108864 12.265233
0.8053064 12.215232
0.9395241 12.165231
1.0737418 12.105229
1.2079595 12.045228
1.3421773 12.015227
1.3421773 11.975226
1.476395 11.955226
1.6106128 11.910225
1.7448305 11.895225
1.8790482 11.865224
2.0132658 11.830223
2.1474836 11.800222
2.2817013 11.765222
2.415919 11.730221
2.5501368 11.71522
2.6843545 11.69022
2.8185723 11.650219
2.95279 11.6302185
3.0870078 11.600218
3.0870078 11.570217
3.2212255 11.525216
3.3554432 11.495215
3.489661 11.475215
3.6238787 11.440214
3.7580965 11.440214
