0.13421772 17.270105
0.26843545 16.05031
0.4026532 14.970295
0.67108864 14.885293
0.67108864 14.815291
0.9395241 14.790291
1.0737418 14.75029
1.2079595 14.710289
1.3421773 14.680288
1.476395 14.6452875
1.6106128 14.610287
1.7448305 14.575286
1.8790482 14.550285
2.0132658 14.500284
2.1474836 14.455283
2.2817013 14.430283
2.415919 14.400282
2.5501368 14.380281
2.6843545 14.33528
2.8185723 14.30028
3.0870078 14.265279
3.2212255 14.230278
3.3554432 14.190277
3.489661 14.155276
3.6238787 14.130276
3.7580965 14.080275
3.8923142 14.055274
4.0265317 14.025273
4.1607494 13.985272
4.294967 13.9452715
4.429185 13.905271
4.5634027 13.88027
4.6976204 13.835269
4.831838 13.8152685
4.966056 13.7702675
5.1002736 13.735267
5.2344913 13.705266
5.368709 13.665265
5.502927 13.635264
5.6371446 13.605264
5.7713623 13.555263
5.90558 13.525262
6.1740155 13.485261
6.3082333 13.4652605
6.442451 13.420259
6.5766687 13.400259
6.7108865 13.365258
6.845104 13.365258
