1.2079595 13.170254
1.3421773 12.710243
1.476395 12.265233
1.6106128 12.225232
1.7448305 12.200232
1.8790482 12.180231
2.0132658 12.15023
2.0132658 12.11523
2.1474836 12.090229
2.2817013 12.060228
2.415919 12.035228
2.5501368 12.020227
2.6843545 11.985227
2.8185723 11.945226
2.95279 11.920225
3.0870078 11.875224
3.2212255 11.860224
3.2212255 11.835223
3.3554432 11.800222
3.489661 11.775222
3.6238787 11.740221
3.7580965 11.725221
3.8923142 11.68022
4.0265317 11.650219
4.0265317 11.625218
4.1607494 11.600218
4.294967 11.595218
4.429185 11.580217
4.5634027 11.580217
