6.979322 30.897818
7.2477574 29.977972
7.381975 29.113117
7.516193 28.308252
7.7846284 27.54838
7.918846 26.808504
8.053063 26.093624
8.187282 25.438734
8.321499 24.798841
8.589934 24.198942
8.724153 23.604042
8.85837 23.039137
8.992588 22.529222
9.126805 22.014309
9.2610235 21.53439
9.395241 21.064468
9.529459 20.629541
9.663676 20.214611
9.7978945 19.814678
9.932112 19.424744
10.06633 19.059805
10.200547 18.694866
10.334765 18.364922
10.334765 18.01498
10.468983 17.700033
10.603201 17.400084
10.737418 17.095135
10.871636 17.085136
10.871636 17.070139
11.005854 17.06014
11.140072 17.055141
11.274289 17.025146
11.408507 17.025146
11.542725 17.00015
11.542725 16.985153
11.676942 16.985153
11.81116 16.985153
