5.2344913 38.954117
8.589934 36.243538
11.676942 33.898037
14.495515 31.802666
17.314087 29.967974
19.998442 28.303253
22.682796 26.823502
24.83028 25.488726
26.977764 24.253933
29.125246 23.149118
31.138514 22.119291
33.15178 21.17945
35.030827 20.299597
37.044094 19.50973
38.788925 18.779852
40.399536 18.084969
41.87593 17.450075
43.352325 17.395084
44.96294 17.36009
46.57355 17.315098
48.049946 17.295101
49.66056 17.270105
51.27117 17.24011
52.747566 17.225113
54.35818 17.195118
55.968792 17.165123
57.445187 17.135128
59.0558 17.12013
60.532196 17.095135
62.00859 17.070139
63.6192 17.040144
65.0956 17.040144
