0.13421772 24.33392
2.6843545 23.484062
4.966056 22.72419
7.1135397 21.964317
9.395241 21.299429
11.542725 20.609545
13.690208 19.98465
15.703474 19.439741
17.71674 18.879835
19.595789 18.37492
21.340618 17.885002
23.219667 17.380087
24.964497 16.955158
26.709328 16.52523
28.454159 16.155293
30.198988 15.7803135
31.8096 15.425305
33.285995 15.030296
34.89661 14.705289
36.373005 14.375281
37.983616 14.070274
39.46001 13.795268
41.070625 13.535262
42.412804 13.235255
44.694504 12.9852495
48.4526 12.7652445
51.808044 12.505239
55.02927 12.2852335
57.176754 12.055228
61.3375 11.830223
63.75342 11.635219
65.22981 11.435214
66.437775 11.25521
69.390564 11.24021
73.14866 11.230209
75.43037 11.230209
78.383156 11.230209
81.87281 11.225209
84.82561 11.225209
89.38901 11.225209
92.3418 11.225209
97.03942 11.225209
100.12643 11.225209
104.82404 11.225209
107.77683 11.225209
112.34024 11.225209
115.29303 11.225209
119.99065 11.225209
122.943436 11.225209
