0.26843545 37.61883
3.489661 36.263542
6.5766687 34.968266
9.663676 33.783012
12.482248 32.682777
15.166603 31.642693
17.850958 30.662857
20.401094 29.75301
23.08545 28.898153
25.769804 28.093288
28.051506 27.333416
30.467424 26.613537
32.749126 25.933651
34.89661 25.27876
36.909874 24.663864
39.057358 24.058966
41.33906 23.49906
43.352325 22.95915
45.231373 22.459234
47.24464 21.974316
49.392124 21.524391
51.40539 21.074467
53.15022 20.63954
55.02927 20.249605
57.042534 19.85967
58.787365 19.469736
60.397976 19.114796
62.277027 18.779852
64.02186 18.42991
65.766685 18.099966
67.51152 17.790018
69.25635 17.47507
70.598526 17.190119
72.20914 16.915165
73.81975 16.915165
