2.415919 45.825584
6.3082333 39.72428
9.663676 35.023277
12.6164665 31.277754
15.435039 28.243263
17.850958 25.743683
19.998442 23.609041
22.145926 21.804344
24.024973 20.229609
25.769804 18.84984
27.648851 17.670038
29.259464 16.610216
30.735859 15.665311
32.212254 14.810291
33.420216 14.050274
34.628174 13.9902725
35.970352 13.940271
37.312527 13.88027
38.654705 13.87027
39.862667 13.845269
41.070625 13.830269
42.412804 13.8152685
43.75498 13.790268
44.96294 13.775268
46.1709 13.750267
47.513077 13.725266
48.721035 13.725266
