0.13421772 26.988474
0.4026532 26.143616
0.5368709 25.318754
0.67108864 24.588877
0.9395241 23.844002
0.9395241 23.174114
1.2079595 22.559217
1.3421773 21.924324
1.476395 21.35442
1.6106128 20.804512
1.7448305 20.289598
1.8790482 19.794682
2.0132658 19.339758
2.1474836 18.85484
2.2817013 18.43491
2.415919 18.029978
2.5501368 17.620047
2.6843545 17.235111
2.8185723 16.875172
2.95279 16.53023
2.95279 16.195286
3.0870078 15.875316
3.2212255 15.560308
3.3554432 15.255301
3.489661 14.975295
3.489661 14.685288
3.6238787 14.430283
3.7580965 14.180277
3.8923142 13.925271
3.8923142 13.665265
4.0265317 13.660265
4.1607494 13.655265
4.5634027 13.655265
