0.26843545 32.122658
5.502927 28.468225
10.200547 25.528719
14.495515 23.13912
18.522047 21.149454
22.011707 19.464737
25.367151 18.01498
28.454159 16.760191
31.27273 15.665311
34.091305 14.690289
36.64144 13.835269
39.057358 13.065251
41.473278 12.365235
43.486546 12.330235
45.768246 12.290234
47.91573 12.255233
49.794777 12.215232
52.076477 12.175231
54.089745 12.14023
56.23723 12.100229
58.384712 12.050228
60.532196 12.010227
62.54546 11.975226
64.82716 11.940226
66.84043 11.895225
68.719475 11.865224
71.001175 11.815223
73.14866 11.770222
75.16193 11.730221
77.04098 11.68022
79.32268 11.645219
81.335945 11.600218
83.34921 11.575217
85.36247 11.555217
87.37574 11.530216
89.523224 11.500216
91.67071 11.480215
93.81819 11.480215
