0.8053064 17.700033
7.2477574 15.61531
14.629732 15.025296
19.193134 13.925271
21.474836 12.960249
23.488102 12.885247
25.635586 12.815246
27.917288 12.730244
29.796335 12.655242
32.078037 12.58024
34.359737 12.500238
36.373005 12.425237
38.52049 12.340235
40.533752 12.305234
42.815456 12.250233
44.694504 12.195231
46.841988 12.14523
48.85525 12.100229
51.002735 12.050228
53.016003 12.000227
55.163486 11.970226
57.176754 11.9352255
59.0558 11.905225
61.203285 11.875224
63.21655 11.835223
65.22981 11.825223
67.3773 11.785222
69.390564 11.755221
71.53805 11.725221
73.551315 11.69022
75.43037 11.665219
77.57785 11.635219
79.59111 11.595218
81.47016 11.565217
83.617645 11.540216
85.76513 11.515216
87.64417 11.475215
89.523224 11.450214
91.67071 11.420214
93.54976 11.385213
95.56302 11.365212
97.44207 11.320211
99.45534 11.295211
101.468605 11.27021
103.481865 11.235209
105.360916 11.200209
107.37418 11.170208
109.52167 11.145207
111.534935 11.110207
113.41398 11.110207
