0.13421772 14.025273
2.6843545 13.030251
4.966056 12.170231
7.1135397 12.095229
9.529459 12.015227
11.676942 11.950226
13.690208 11.880224
15.9719095 11.795222
17.850958 11.745221
19.998442 11.70022
22.145926 11.640219
24.159191 11.580217
26.038239 11.530216
28.185722 11.505216
30.333206 11.475215
32.346474 11.440214
34.493958 11.410213
36.373005 11.390213
38.38627 11.350212
40.533752 11.320211
42.412804 11.285211
44.426067 11.26521
46.707767 11.235209
48.58682 11.210209
50.600082 11.160208
52.881786 11.145207
54.89505 11.115207
56.774097 11.090206
58.65315 11.050205
60.666412 11.025205
62.813896 10.985204
64.82716 10.970203
66.70621 10.940203
68.719475 10.910202
70.86696 10.875201
72.74601 10.850201
74.62505 10.8202
76.63832 10.790199
78.785805 10.790199
