0.26843545 18.704865
3.3554432 17.890001
6.1740155 17.160124
8.992588 16.460241
11.676942 15.835315
14.361297 15.240301
17.045652 14.680288
19.730005 14.170277
22.145926 14.1202755
24.561844 14.080275
27.11198 14.050274
29.662117 14.025273
31.943819 14.010273
34.22552 13.9902725
36.64144 13.960272
39.057358 13.950272
41.607494 13.925271
44.023415 13.910271
46.305115 13.90027
48.58682 13.87527
51.136955 13.850269
53.55287 13.840269
56.103012 13.820269
58.384712 13.805268
60.800632 13.785268
63.21655 13.765267
65.63247 13.755267
67.91417 13.725266
70.330086 13.710266
72.74601 13.685266
75.29614 13.665265
77.71207 13.655265
79.99377 13.635264
82.40968 13.615264
84.82561 13.615264
