2.6843545 26.993473
4.966056 26.17361
7.2477574 25.39874
9.529459 24.663864
11.945377 23.96898
13.958644 23.31409
16.240345 22.694195
18.25361 22.099295
20.13266 21.539389
22.011707 20.99948
23.890755 20.499563
25.635586 20.004646
27.514635 19.549723
29.5279 19.104797
31.138514 18.66987
33.017563 18.284935
34.493958 17.880003
36.373005 17.515064
37.983616 17.170122
39.46001 16.82018
40.936405 16.485237
42.278584 16.17529
44.023415 15.885316
45.63403 15.585309
47.110424 15.3003025
48.4526 15.020296
49.794777 14.75529
51.136955 14.495284
52.61335 14.495284
53.95553 14.485284
55.297703 14.475284
56.63988 14.460283
58.250492 14.450283
59.458454 14.450283
60.800632 14.110275
62.277027 14.110275
