0.8053064 15.915317
0.9395241 15.080297
1.2079595 14.31528
1.3421773 14.270279
1.476395 14.225278
1.6106128 14.190277
1.7448305 14.140276
1.8790482 14.090275
2.0132658 14.055274
2.1474836 14.005273
2.2817013 13.970272
2.415919 13.910271
2.5501368 13.87027
2.6843545 13.825269
2.8185723 13.780268
2.95279 13.745267
3.0870078 13.675265
3.2212255 13.6402645
3.3554432 13.610264
3.489661 13.590263
3.6238787 13.570263
3.7580965 13.550262
3.8923142 13.530262
4.0265317 13.510262
4.1607494 13.490261
4.294967 13.46026
4.429185 13.44026
4.5634027 13.420259
4.6976204 13.420259
