0.13421772 24.26893
3.0870078 22.399244
5.368709 20.75452
7.2477574 19.354755
8.992588 18.099966
10.603201 17.010149
12.079596 16.015316
13.958644 15.165299
15.837692 14.370281
17.179869 14.33528
18.656263 14.280279
19.998442 14.220278
21.206402 14.180277
22.41436 14.130276
23.62232 14.060274
24.964497 14.015273
26.306675 13.980272
27.78307 13.910271
28.856812 13.88027
30.198988 13.855269
31.406948 13.835269
32.883343 13.8152685
34.091305 13.790268
35.299263 13.765267
36.64144 13.750267
37.983616 13.750267
