0.4026532 35.87346
6.3082333 32.64777
11.542725 29.937979
16.777216 27.638365
21.340618 25.653698
25.635586 23.938986
29.662117 22.42424
33.285995 21.089464
36.909874 19.894665
40.1311 18.834843
43.352325 17.870005
46.439335 17.00515
49.257908 16.210283
51.94226 15.485307
54.492397 14.815291
56.908318 14.205277
59.458454 13.635264
61.874374 13.110252
64.29029 12.620241
66.437775 12.165231
68.719475 11.735221
70.86696 11.69522
72.880226 11.660219
75.02771 11.625218
76.90676 11.595218
79.054245 11.570217
80.93329 11.545217
83.08077 11.515216
84.95982 11.480215
86.97309 11.465215
88.852135 11.425214
90.8654 11.400213
92.74445 11.370213
94.75771 11.355212
96.636765 11.355212
