0.13421772 19.054806
0.4026532 18.274937
0.5368709 17.550058
0.67108864 16.875172
0.8053064 16.255276
0.9395241 15.680311
1.2079595 15.130299
1.2079595 15.105298
1.476395 15.055297
1.6106128 15.045297
1.7448305 14.995296
1.8790482 14.955295
2.0132658 14.930294
2.2817013 14.895293
2.2817013 14.855292
2.5501368 14.810291
2.6843545 14.790291
2.8185723 14.74029
2.95279 14.705289
3.0870078 14.680288
3.2212255 14.640287
3.3554432 14.6002865
3.489661 14.565286
3.6238787 14.540285
3.7580965 14.525285
4.0265317 14.520285
4.1607494 14.495284
4.294967 14.480284
4.429185 14.4702835
4.5634027 14.440283
4.6976204 14.4252825
4.831838 14.395282
4.966056 14.375281
5.1002736 14.375281
5.2344913 14.355281
5.368709 14.340281
5.6371446 14.31528
5.7713623 14.2952795
5.90558 14.275279
6.039798 14.255279
6.1740155 14.230278
6.3082333 14.225278
6.442451 14.200277
6.5766687 14.200277
6.7108865 14.175277
6.845104 14.140276
6.979322 14.130276
7.1135397 14.100275
7.2477574 14.100275
7.381975 14.075274
7.516193 14.060274
7.7846284 14.045274
7.918846 14.020273
8.053063 14.005273
8.187282 13.980272
8.321499 13.975272
8.455717 13.955272
8.589934 13.935271
8.724153 13.920271
8.85837 13.89027
8.992588 13.88027
9.126805 13.86027
9.2610235 13.840269
9.395241 13.8152685
9.529459 13.805268
9.7978945 13.790268
9.932112 13.765267
10.06633 13.765267
