0.26843545 27.503387
4.5634027 25.88366
8.992588 24.4489
12.884902 23.154118
16.777216 21.984314
20.535313 20.924492
24.159191 19.959654
27.648851 19.074802
30.735859 18.264938
33.957085 17.505066
37.044094 16.810183
39.996883 16.16529
42.681236 15.560308
45.365593 15.005296
47.647293 14.495284
50.33165 14.445283
53.016003 14.400282
55.56614 14.350281
58.116276 14.32528
60.532196 14.2952795
63.082333 14.270279
65.49825 14.250278
67.91417 14.220278
70.330086 14.180277
72.74601 14.145276
75.16193 14.115275
77.57785 14.090275
79.99377 14.065274
82.40968 14.030273
84.69138 14.005273
87.24152 13.970272
89.65744 13.940271
92.073364 13.90027
94.6235 13.87527
97.03942 13.87027
99.45534 13.850269
102.00547 13.830269
104.55561 13.8152685
106.97153 13.790268
109.11901 13.785268
111.534935 13.750267
113.95085 13.730267
116.23255 13.720266
118.64847 13.700266
121.06439 13.695266
123.614525 13.670265
126.164665 13.645265
128.44637 13.625264
130.72807 13.600264
133.00977 13.5952635
135.42569 13.575263
137.70738 13.555263
140.25752 13.540262
142.67345 13.520262
144.95514 13.485261
147.37106 13.485261
