0.26843545 23.149118
0.5368709 21.199446
0.67108864 19.549723
0.8053064 18.13496
1.0737418 16.910166
1.2079595 15.810314
1.3421773 14.850292
1.476395 13.995273
1.6106128 13.235255
1.7448305 12.545239
1.8790482 12.495238
2.0132658 12.445237
2.1474836 12.395236
2.2817013 12.360235
2.415919 12.320234
2.415919 12.290234
2.5501368 12.265233
2.6843545 12.250233
2.8185723 12.225232
2.95279 12.215232
3.0870078 12.175231
3.2212255 12.1552305
3.3554432 12.13523
3.489661 12.1102295
3.6238787 12.095229
3.7580965 12.055228
3.8923142 12.035228
4.0265317 12.020227
4.1607494 11.995227
4.294967 11.9802265
4.429185 11.950226
4.429185 11.925225
4.5634027 11.900225
4.6976204 11.880224
4.831838 11.845223
4.966056 11.825223
5.1002736 11.815223
5.2344913 11.785222
5.368709 11.770222
5.502927 11.735221
5.502927 11.71522
5.6371446 11.70022
5.7713623 11.67522
5.90558 11.660219
6.039798 11.635219
6.1740155 11.615218
6.3082333 11.600218
6.442451 11.600218
