11.274289 24.21394
15.435039 22.354252
18.25361 20.75452
21.206402 19.349756
24.159191 18.109964
25.769804 17.030146
27.380417 16.045311
28.99103 15.160299
30.333206 14.360281
31.541166 14.2952795
32.883343 14.205277
34.091305 14.145276
35.299263 14.095275
36.50722 14.075274
37.715183 14.065274
39.057358 14.035274
40.26532 14.025273
41.607494 14.005273
42.949673 13.985272
44.29185 13.970272
45.63403 13.9452715
47.110424 13.930271
48.318382 13.910271
49.52634 13.89027
50.734303 13.86527
51.94226 13.845269
53.15022 13.8152685
54.492397 13.800268
55.834576 13.785268
57.176754 13.760267
58.384712 13.745267
59.59267 13.720266
60.800632 13.700266
62.00859 13.675265
63.35077 13.675265
