0.9395241 21.544388
1.2079595 20.059637
1.3421773 18.769854
1.476395 17.620047
1.7448305 16.600218
1.8790482 15.675311
2.0132658 14.870293
2.1474836 14.865293
2.2817013 14.8202915
2.415919 14.790291
2.6843545 14.7752905
2.8185723 14.74529
2.95279 14.725289
3.0870078 14.680288
3.2212255 14.670288
3.3554432 14.630287
3.489661 14.6002865
3.7580965 14.585286
3.8923142 14.550285
4.0265317 14.520285
4.1607494 14.500284
4.294967 14.4702835
4.429185 14.430283
4.5634027 14.415282
4.6976204 14.380281
4.831838 14.360281
4.966056 14.33028
5.1002736 14.30028
5.368709 14.275279
5.368709 14.245278
5.6371446 14.220278
5.7713623 14.190277
5.90558 14.155276
6.039798 14.135276
6.1740155 14.110275
6.3082333 14.090275
6.442451 14.040274
6.5766687 14.030273
6.7108865 14.000273
6.845104 13.980272
6.979322 13.950272
7.1135397 13.950272
