0.26843545 25.6437
4.294967 24.963814
8.321499 24.313923
12.079596 23.689028
15.9719095 23.099127
19.864223 22.54422
23.62232 22.00931
26.977764 21.499395
30.467424 21.004478
33.82287 20.544556
37.17831 20.089632
40.533752 19.654705
43.75498 19.249773
46.976204 18.85484
50.063213 18.474903
53.016003 18.104965
56.103012 17.760023
58.787365 17.415081
61.740154 17.085136
64.69295 16.77019
67.51152 16.460241
70.19587 16.17029
72.880226 15.880316
75.43037 15.61031
78.114716 15.585309
80.664856 15.560308
83.08077 15.535308
85.63091 15.505307
88.31526 15.485307
90.8654 15.465306
93.415535 15.445306
95.965675 15.415305
98.515816 15.390305
101.06595 15.370304
103.61609 15.350304
106.16622 15.325303
108.71636 15.305303
111.13228 15.285302
113.68242 15.275302
116.23255 15.255301
118.64847 15.240301
121.19861 15.215301
123.74875 15.1953
126.29888 15.165299
128.84901 15.150299
131.26494 15.140299
133.81508 15.1252985
136.23099 15.110298
138.78113 15.095298
141.33127 15.085298
143.7472 15.055297
146.1631 15.040297
148.71324 15.015296
151.26338 15.005296
153.6793 14.975295
156.22943 14.970295
158.51114 14.965295
161.06128 14.955295
163.47719 14.940294
166.02733 14.925294
168.57747 14.925294
