0.26843545 26.138617
4.5634027 24.413906
8.724153 22.894161
12.6164665 21.539389
16.374563 20.329592
19.864223 19.239775
23.08545 18.25494
26.038239 18.179953
28.856812 18.094967
31.8096 18.01998
34.89661 17.934994
37.983616 17.845009
41.070625 17.770021
44.15763 17.680037
47.24464 17.620047
50.19743 17.570055
53.016003 17.500067
55.968792 17.445076
59.0558 17.385086
62.142807 17.325096
64.96138 17.270105
67.91417 17.205116
70.86696 17.145126
73.68553 17.090136
76.77254 17.015148
79.85955 16.955158
82.67812 16.925163
85.63091 16.89017
88.449486 16.855175
91.402275 16.82518
94.48928 16.795185
97.30785 16.750193
100.26064 16.725197
102.945 16.690203
105.89779 16.655209
108.85058 16.615215
111.66915 16.580221
114.75616 16.550226
117.57473 16.550226
