0.26843545 31.412731
5.2344913 30.182938
9.932112 29.043129
14.629732 27.983307
19.058918 26.998472
23.488102 26.068628
27.917288 25.208773
31.943819 24.403908
35.970352 23.649035
39.728447 22.929155
43.486546 22.24427
47.110424 21.609377
50.600082 21.009478
54.089745 20.439573
57.579407 19.904663
60.800632 19.374752
64.156075 18.889833
67.3773 18.424911
70.330086 17.964989
73.28288 17.550058
76.23567 17.140127
79.18846 16.76519
81.87281 16.395252
84.69138 16.035313
87.24152 15.690311
89.92588 15.365304
92.47601 15.050297
94.89194 14.75029
97.30785 14.455283
99.589554 14.185277
101.871254 13.910271
104.152954 13.665265
106.43466 13.420259
108.71636 13.185254
110.863846 12.945249
113.145546 12.725244
115.427246 12.725244
