0.26843545 39.71928
6.979322 35.96848
13.1533375 32.847813
18.387829 30.23293
23.219667 27.978308
27.648851 26.028635
31.943819 24.338919
35.970352 22.834171
39.862667 21.494396
43.486546 20.299597
46.976204 19.229776
50.19743 18.25494
53.15022 18.19995
55.968792 18.13996
58.92158 18.084969
61.874374 18.024979
64.82716 17.964989
67.91417 17.904999
71.001175 17.83501
74.08819 17.770021
77.30941 17.71503
80.12798 17.65504
82.946556 17.59505
86.03356 17.54006
88.98635 17.470072
92.073364 17.400084
94.89194 17.375088
97.84473 17.345093
100.797516 17.3051
103.750305 17.275105
106.56888 17.24511
109.38745 17.205116
112.60867 17.165123
115.427246 17.140127
118.380035 17.100134
121.332825 17.075138
124.1514 17.045143
127.10419 17.00515
130.05698 16.970156
132.87555 16.94016
135.82834 16.900167
138.64691 16.865173
141.46548 16.835178
144.55249 16.790186
147.23685 16.76519
150.18964 16.740194
153.14243 16.700201
155.961 16.665207
158.77957 16.630213
161.59814 16.595219
164.55093 16.560225
167.3695 16.520231
170.18808 16.500235
173.00665 16.47024
175.82523 16.430246
178.77802 16.430246
