1.476395 30.592869
1.7448305 29.74801
1.8790482 28.92315
2.0132658 28.118284
2.2817013 27.393406
2.415919 26.723518
2.5501368 26.05863
2.6843545 25.438734
2.8185723 24.843834
2.95279 24.288927
3.2212255 23.744019
3.3554432 23.20411
3.489661 22.71919
3.6238787 22.234272
3.7580965 21.77435
3.8923142 21.329424
4.0265317 20.904495
4.1607494 20.494564
4.294967 20.094631
4.429185 19.724693
4.5634027 19.354755
4.6976204 18.989817
4.831838 18.664871
4.966056 18.329927
4.966056 18.004982
5.1002736 17.999983
5.2344913 17.984985
5.368709 17.974987
5.502927 17.95499
5.6371446 17.949991
5.7713623 17.939993
5.7713623 17.929995
5.90558 17.919996
6.039798 17.909998
6.1740155 17.850008
6.3082333 17.850008
