5.368709 14.830292
6.979322 13.760267
9.529459 12.865247
13.287555 12.850246
15.703474 12.820246
19.595789 12.7652445
23.488102 12.755244
27.514635 12.750244
30.467424 12.730244
34.628174 12.700243
37.580963 12.660242
41.20484 12.655242
44.96294 12.610241
49.257908 12.5902405
51.673824 12.5902405
56.103012 12.5902405
58.51893 12.5902405
62.813896 12.5902405
65.22981 12.5902405
69.659004 12.5902405
72.07492 12.5902405
76.36989 12.5902405
78.785805 12.5902405
83.21499 12.5902405
85.63091 12.5902405
