0.4026532 49.41635
8.724153 42.06478
15.837692 36.57861
22.011707 32.3277
27.380417 28.91815
32.212254 26.153614
36.64144 23.839003
40.667973 21.89433
44.426067 20.234608
47.78151 18.779852
50.86852 17.515064
53.82131 17.450075
56.63988 17.385086
59.72689 17.320097
62.67968 17.260107
65.63247 17.190119
68.45104 17.115131
71.40383 17.050142
74.35662 16.975155
77.44363 16.905167
80.396416 16.835178
83.34921 16.755192
86.302 16.685204
89.120575 16.615215
92.073364 16.535229
94.89194 16.460241
97.84473 16.425247
100.6633 16.390253
103.481865 16.365257
106.30044 16.320265
109.11901 16.29027
112.0718 16.260275
115.02459 16.260275
