0.26843545 19.14479
0.4026532 18.639875
0.5368709 18.174953
0.8053064 17.72003
0.9395241 17.3001
1.0737418 16.88017
1.3421773 16.485237
1.476395 16.1153
1.6106128 15.755313
1.7448305 15.405305
1.8790482 15.090298
2.1474836 14.76529
2.1474836 14.455283
2.415919 14.170277
2.5501368 13.87527
2.5501368 13.620264
2.8185723 13.365258
2.95279 13.100252
3.0870078 12.860247
3.0870078 12.625241
3.2212255 12.390236
3.3554432 12.180231
3.489661 12.165231
3.6238787 12.165231
3.7580965 12.15023
3.8923142 12.15023
4.0265317 12.14523
4.1607494 12.13023
4.294967 12.13023
4.429185 12.13023
4.5634027 12.11523
4.6976204 12.085229
4.831838 12.085229
4.966056 12.070229
5.1002736 12.070229
5.2344913 12.065228
5.368709 12.055228
5.502927 12.050228
5.502927 12.050228
5.6371446 12.035228
5.7713623 12.025228
5.90558 12.025228
6.039798 12.020227
6.1740155 12.005227
6.3082333 12.005227
