1.2079595 36.738644
4.429185 33.853027
7.381975 31.382736
10.06633 29.248095
12.482248 27.383408
14.76395 25.718687
17.179869 24.253933
19.46157 22.934155
21.340618 21.719358
23.353884 20.654537
25.098715 19.6797
26.977764 18.779852
28.722593 17.95499
30.333206 17.195118
31.943819 16.505234
33.285995 15.860315
34.76239 15.275302
36.10457 14.74529
37.312527 14.255279
38.52049 14.230278
39.728447 14.220278
41.070625 14.200277
42.412804 14.190277
43.75498 14.175277
45.231373 14.165277
46.439335 14.145276
47.647293 14.130276
48.98947 14.130276
