1.0737418 30.392902
1.3421773 29.548044
1.6106128 28.758177
1.8790482 27.993305
2.0132658 27.283424
2.415919 26.59854
2.6843545 25.948648
2.95279 25.318754
3.0870078 24.718855
3.3554432 24.14895
3.6238787 23.629038
3.8923142 23.099127
4.0265317 22.59921
4.294967 22.119291
4.5634027 21.65437
4.6976204 21.214443
4.966056 20.774517
5.1002736 20.379583
5.368709 19.97965
5.502927 19.589716
5.6371446 19.229776
5.90558 18.874836
6.039798 18.539892
6.1740155 18.19495
6.442451 17.885002
6.5766687 17.865005
6.7108865 17.845009
6.979322 17.815014
7.1135397 17.78002
7.2477574 17.77502
7.381975 17.745026
7.6504107 17.725029
7.7846284 17.705032
7.918846 17.675037
8.187282 17.670038
8.321499 17.65504
8.455717 17.650042
8.724153 17.645042
8.85837 17.635044
9.126805 17.630045
9.2610235 17.610048
9.529459 17.60005
9.663676 17.590052
9.7978945 17.585052
10.06633 17.570055
10.200547 17.560057
10.468983 17.555058
10.603201 17.550058
10.737418 17.53506
11.005854 17.520063
11.140072 17.500067
11.274289 17.490068
11.542725 17.48007
11.676942 17.47507
11.81116 17.465073
11.945377 17.465073
