2.2817013 46.890812
6.845104 45.300472
11.542725 43.855164
15.703474 42.47487
19.730005 41.154587
23.62232 39.919323
27.246199 38.744072
30.601643 37.633835
33.82287 36.58361
37.17831 35.5984
39.996883 34.633194
43.21811 33.748005
46.305115 32.897823
48.98947 32.08265
51.808044 31.30275
54.492397 30.557875
57.176754 29.852993
59.72689 29.173107
62.277027 28.533215
64.69295 27.90832
67.24308 27.293423
69.52478 26.71852
71.80649 26.163612
74.08819 25.648699
76.36989 25.123787
78.785805 24.638868
80.93329 24.143951
83.21499 23.689028
85.36247 23.2541
87.50996 22.819174
89.523224 22.404243
91.53649 22.00431
93.683975 21.964317
95.4288 21.934322
97.44207 21.879332
99.45534 21.844337
101.468605 21.799345
103.481865 21.749353
105.360916 21.704361
107.5084 21.669367
109.38745 21.614376
111.40071 21.59438
113.145546 21.579382
115.02459 21.579382
