0.26843545 31.272755
0.67108864 29.56804
0.8053064 28.038298
1.2079595 26.648531
1.3421773 25.393742
1.6106128 24.248934
1.8790482 23.184113
2.1474836 22.209276
2.2817013 21.319426
2.5501368 20.494564
2.6843545 19.719694
2.95279 19.004814
3.0870078 18.339926
3.3554432 18.31493
3.489661 18.304932
3.7580965 18.294933
3.8923142 18.269938
4.1607494 18.25994
4.294967 18.244942
4.5634027 18.229944
4.6976204 18.209948
4.831838 18.184952
5.1002736 18.174953
5.2344913 18.164955
5.502927 18.149958
5.6371446 18.119963
5.90558 18.089968
6.039798 18.064972
6.3082333 18.054974
6.442451 18.039976
6.7108865 18.024979
6.845104 18.009981
6.979322 17.994984
7.2477574 17.969988
7.381975 17.949991
7.516193 17.934994
7.7846284 17.904999
7.918846 17.890001
8.053063 17.865005
8.321499 17.850008
8.455717 17.83501
8.589934 17.795017
8.85837 17.78002
8.992588 17.760023
9.126805 17.740026
9.395241 17.72003
9.529459 17.72003
