0.13421772 15.835315
0.26843545 15.555308
0.4026532 15.540308
0.5368709 15.520308
0.67108864 15.510307
0.8053064 15.490307
0.9395241 15.470306
1.0737418 15.455306
1.2079595 15.4303055
1.3421773 15.420305
1.476395 15.400305
1.6106128 15.390305
1.7448305 15.370304
1.8790482 15.360304
2.1474836 15.335303
2.1474836 15.320303
2.415919 15.295302
2.5501368 15.285302
2.6843545 15.260302
2.8185723 15.250301
2.95279 15.230301
3.0870078 15.2103
3.2212255 15.1903
3.3554432 15.1753
3.489661 15.155299
3.6238787 15.135299
3.8923142 15.115298
4.0265317 15.105298
4.1607494 15.085298
4.294967 15.075297
4.429185 15.070297
4.5634027 15.050297
4.6976204 15.040297
4.831838 15.035296
4.966056 15.025296
5.2344913 15.020296
5.368709 15.010296
5.502927 15.005296
5.6371446 14.995296
5.7713623 14.985295
5.90558 14.970295
6.039798 14.965295
6.1740155 14.9502945
6.3082333 14.945294
6.442451 14.940294
6.7108865 14.930294
6.845104 14.920294
6.979322 14.910294
7.1135397 14.895293
7.2477574 14.890293
7.381975 14.875293
7.516193 14.865293
7.6504107 14.865293
