0.26843545 37.123726
0.67108864 35.88346
0.9395241 34.723213
1.3421773 33.62298
1.6106128 32.60276
1.8790482 31.632694
2.1474836 30.712849
2.5501368 29.86799
2.8185723 29.03813
3.0870078 28.26826
3.3554432 27.523384
3.6238787 26.813503
3.8923142 26.158613
4.1607494 25.503723
4.294967 24.903824
4.5634027 24.318922
4.831838 23.769014
5.1002736 23.239103
5.2344913 22.72419
5.502927 22.214275
5.7713623 21.759352
5.90558 21.309427
6.1740155 20.864502
6.3082333 20.469568
6.5766687 20.074635
6.7108865 19.709696
6.979322 19.334759
7.1135397 18.989817
7.381975 18.649874
7.516193 18.329927
7.7846284 17.994984
7.918846 17.979986
8.053063 17.979986
