0.26843545 20.669535
3.489661 20.209612
6.979322 19.764687
10.06633 19.344757
13.287555 18.944824
16.508781 18.54989
19.46157 18.179953
22.41436 17.815014
25.367151 17.48507
28.185722 17.150126
31.138514 16.82518
33.82287 16.52523
36.64144 16.220282
39.191578 15.920317
41.741714 15.64531
44.29185 15.64031
46.841988 15.62531
49.66056 15.62531
52.210697 15.62031
54.760834 15.61531
57.445187 15.6053095
60.129543 15.585309
62.67968 15.575309
65.22981 15.575309
67.91417 15.570309
70.598526 15.565309
73.14866 15.545308
75.6988 15.545308
78.383156 15.520308
81.067505 15.500307
83.617645 15.495307
86.16778 15.485307
88.71792 15.4753065
91.26806 15.455306
93.95241 15.445306
96.50255 15.435306
99.05268 15.425305
101.73704 15.405305
104.28718 15.390305
106.83731 15.380304
109.38745 15.365304
111.80337 15.355304
114.487724 15.340303
117.17207 15.320303
119.72221 15.310303
122.13813 15.295302
124.554054 15.290302
127.10419 15.275302
129.92276 15.255301
132.4729 15.240301
135.02304 15.235301
137.57317 15.225301
139.98909 15.2053
142.53923 15.1853
145.22359 15.1753
147.77371 15.1753
150.32385 15.1703
152.874 15.140299
155.28992 15.1252985
157.70583 15.110298
160.25597 15.110298
162.94032 15.100298
165.49046 15.095298
168.17482 15.095298
170.59073 15.085298
173.14087 15.085298
175.5568 15.065297
177.9727 15.055297
180.52284 15.040297
183.2072 15.025296
185.75734 15.020296
188.30748 15.015296
190.8576 15.005296
193.54196 14.995296
195.95789 14.985295
198.3738 14.955295
200.78972 14.9502945
203.20564 14.940294
205.62157 14.925294
208.30591 14.915294
210.85605 14.890293
213.5404 14.885293
216.09055 14.875293
218.64069 14.855292
221.19081 14.845292
223.60674 14.825292
226.15688 14.810291
228.57278 14.805291
231.12292 14.795291
233.53885 14.7752905
235.95477 14.76529
238.37068 14.76529
240.7866 14.76029
243.0683 14.730289
245.48422 14.720289
247.90015 14.695289
250.18184 14.685288
252.59776 14.680288
254.87947 14.670288
257.29538 14.660288
259.5771 14.650288
262.12723 14.640287
264.54315 14.635287
267.0933 14.625287
269.5092 14.610287
271.9251 14.605287
274.34103 14.595286
276.75696 14.585286
279.17288 14.580286
281.5888 14.575286
284.0047 14.560286
286.2864 14.555285
288.5681 14.540285
290.98404 14.525285
293.26575 14.520285
295.68164 14.510284
297.96335 14.500284
300.37927 14.500284
302.7952 14.485284
305.21112 14.475284
307.49283 14.4702835
309.90872 14.460283
312.45886 14.450283
314.8748 14.440283
317.42493 14.430283
319.84085 14.420282
322.391 14.415282
324.80692 14.400282
327.35703 14.395282
329.90717 14.375281
332.59152 14.370281
335.14166 14.370281
337.5576 14.355281
339.8393 14.345281
342.121 14.33528
344.5369 14.32528
346.95282 14.32028
349.36874 14.31528
351.91888 14.30528
354.3348 14.2952795
356.75073 14.275279
359.30087 14.265279
361.85098 14.265279
364.40112 14.245278
366.81705 14.235278
369.09875 14.230278
371.51468 14.220278
373.9306 14.220278
376.3465 14.210278
378.76242 14.205277
381.17834 14.185277
383.7285 14.175277
386.27863 14.165277
388.69455 14.160276
390.97623 14.145276
393.39215 14.140276
395.67386 14.130276
398.08978 14.115275
400.63992 14.115275
403.19006 14.100275
405.7402 14.090275
408.02188 14.085275
410.4378 14.070274
412.7195 14.065274
415.13544 14.055274
417.68558 14.050274
420.23572 14.035274
422.6516 14.030273
425.06754 14.015273
427.34924 14.010273
429.76517 14.000273
432.04688 13.985272
434.59702 13.980272
437.14713 13.965272
439.42883 13.965272
441.84476 13.960272
444.26068 13.940271
446.6766 13.935271
449.09253 13.920271
451.50842 13.920271
