0.13421772 19.644707
2.2817013 18.514896
4.1607494 17.525063
6.039798 16.65021
7.918846 15.835315
9.529459 15.085298
11.140072 14.4252825
12.750684 13.780268
14.227079 13.255256
16.240345 12.725244
17.71674 12.290234
20.803747 11.825223
22.951231 11.415214
26.843546 11.045205
28.856812 11.040205
32.48069 11.040205
36.909874 11.040205
40.399536 11.040205
44.694504 11.040205
48.58682 11.040205
52.61335 11.040205
56.23723 11.040205
60.532196 11.040205
64.156075 11.040205
68.45104 11.040205
72.20914 11.040205
