0.4026532 44.30526
7.381975 42.689915
14.495515 41.184593
21.340618 39.779293
27.648851 38.474014
33.82287 37.24375
39.862667 36.083504
45.768246 34.99327
51.40539 33.968052
56.908318 32.992844
62.277027 32.072647
67.51152 31.207766
72.47757 30.372906
77.57785 29.593037
82.27547 28.848162
86.97309 28.123283
91.67071 27.448397
96.09989 26.808504
100.529076 26.193607
105.09248 25.603706
109.38745 25.033802
113.41398 24.493893
117.57473 23.97898
121.46704 23.474064
125.35936 22.994144
128.98323 22.534222
132.74133 22.089296
136.36522 21.659369
139.85487 21.249437
143.34453 20.854504
146.69998 20.46457
150.05542 20.094631
153.41086 19.734692
156.90053 19.38475
160.25597 19.369753
163.34297 19.339758
166.42998 19.304764
169.51698 19.279768
172.87244 19.239775
176.09366 19.214779
179.18066 19.184784
182.26767 19.154789
185.4889 19.124794
188.84435 19.099798
191.79713 19.064804
194.88414 19.039808
197.97115 19.014812
201.3266 18.989817
204.54782 18.954823
207.63483 18.939825
210.85605 18.91483
213.94305 18.894833
217.03006 18.874836
220.11708 18.85484
223.06987 18.834843
226.29109 18.809847
229.51231 18.799849
232.59932 18.774853
235.68633 18.749857
238.77333 18.72986
241.86035 18.714863
244.94736 18.684868
248.16858 18.664871
251.12137 18.644875
254.34259 18.619879
257.29538 18.594883
260.3824 18.589884
263.6036 18.55489
266.5564 18.534893
269.6434 18.514896
272.73044 18.4949
275.81744 18.474903
278.90445 18.444908
281.99146 18.419912
285.21268 18.404915
288.16547 18.384918
291.3867 18.364922
294.33948 18.349924
297.42648 18.334927
300.5135 18.31993
303.6005 18.304932
306.55328 18.299932
309.6403 18.289934
312.59308 18.274937
315.68008 18.269938
318.7671 18.25994
321.85413 18.239943
324.80692 18.234943
327.89392 18.224945
330.98093 18.204948
334.20215 18.18995
337.15494 18.179953
340.37616 18.174953
343.32895 18.159956
346.55017 18.149958
349.63718 18.144958
352.72418 18.124962
355.8112 18.119963
358.62976 18.099966
361.71677 18.094967
364.80377 18.069971
367.89078 18.059973
370.8436 18.054974
374.06482 18.039976
377.15182 18.01998
380.23883 18.01998
383.19162 18.004982
386.1444 17.994984
389.2314 17.984985
392.31842 17.979986
395.40543 17.964989
398.49243 17.944992
401.44522 17.934994
404.53223 17.929995
407.48502 17.904999
410.57202 17.904999
413.5248 17.890001
416.4776 17.885002
419.5646 17.865005
422.6516 17.860006
425.6044 17.850008
428.69144 17.83501
431.64423 17.825012
434.73123 17.805016
437.81824 17.800016
440.77103 17.78002
443.99225 17.77502
446.94504 17.765022
449.7636 17.750025
452.98483 17.735027
455.93762 17.735027
458.7562 17.72003
461.8432 17.710032
464.9302 17.695034
467.74878 17.680037
470.8358 17.66004
473.78857 17.65504
476.60715 17.635044
479.69415 17.630045
482.78116 17.615047
485.73395 17.610048
488.82095 17.59505
491.90796 17.585052
494.86075 17.570055
497.81357 17.565056
500.90057 17.550058
503.85336 17.530062
506.67194 17.520063
509.75894 17.515064
512.84595 17.500067
515.6645 17.495068
518.6173 17.48007
521.57007 17.470072
524.6571 17.455074
527.60986 17.445076
530.6969 17.440077
533.7839 17.42008
536.7367 17.400084
539.55524 17.400084
542.50806 17.385086
545.5951 17.375088
548.68207 17.36509
551.6349 17.350092
554.4534 17.340094
557.54047 17.330095
560.62744 17.320097
563.58026 17.310099
566.3988 17.285103
569.3516 17.275105
572.4386 17.270105
575.52563 17.250109
578.4784 17.250109
581.297 17.235111
584.24976 17.230112
587.2026 17.205116
590.28955 17.200117
593.2424 17.18512
596.1951 17.18512
