1.476395 17.805016
4.0265317 17.080137
5.7713623 16.425247
7.381975 15.820314
8.724153 15.245301
10.871636 15.1853
12.079596 15.1252985
13.55599 15.060297
14.898168 15.005296
16.240345 14.955295
17.448305 14.895293
18.9247 14.8202915
20.13266 14.76529
21.609055 14.710289
22.951231 14.660288
24.29341 14.6002865
25.769804 14.555285
26.977764 14.500284
28.31994 14.450283
29.662117 14.405282
30.870077 14.375281
32.212254 14.360281
33.554432 14.345281
34.76239 14.33028
36.238785 14.31528
37.580963 14.30528
38.788925 14.290279
39.996883 14.275279
41.473278 14.260279
42.681236 14.250278
44.023415 14.235278
45.231373 14.215278
46.57355 14.200277
47.91573 14.185277
49.123688 14.175277
50.465866 14.175277
