1.476395 29.763008
1.7448305 26.323586
2.0132658 23.579046
2.1474836 21.299429
2.415919 19.454739
2.5501368 17.890001
2.6843545 16.555225
2.8185723 15.390305
2.95279 14.380281
3.0870078 14.31028
3.2212255 14.250278
3.3554432 14.205277
3.489661 14.150276
3.6238787 14.090275
3.7580965 14.020273
4.0265317 13.960272
4.1607494 13.89027
4.294967 13.840269
4.429185 13.780268
4.5634027 13.710266
4.6976204 13.645265
4.831838 13.585263
4.966056 13.525262
5.1002736 13.44526
5.1002736 13.410259
5.368709 13.375258
5.502927 13.340258
5.6371446 13.305257
5.7713623 13.275256
5.90558 13.240255
6.039798 13.205255
6.039798 13.165254
6.1740155 13.130253
6.3082333 13.100252
6.442451 13.060251
6.5766687 13.02525
6.7108865 12.9852495
6.845104 12.9852495
