0.26843545 36.463585
0.5368709 33.2629
0.9395241 30.577871
1.2079595 28.273258
1.476395 26.283592
1.7448305 24.533886
1.8790482 22.994144
2.1474836 21.639372
2.2817013 20.414577
2.5501368 19.334759
2.6843545 18.36992
2.95279 18.329927
3.0870078 18.294933
3.2212255 18.264938
3.489661 18.234943
3.6238787 18.204948
3.8923142 18.159956
4.0265317 18.129961
4.294967 18.109964
4.429185 18.064972
4.5634027 18.034977
4.831838 17.999983
4.966056 17.964989
5.2344913 17.939993
5.368709 17.895
5.502927 17.865005
5.7713623 17.83501
5.90558 17.795017
6.039798 17.755024
6.3082333 17.730028
6.3082333 17.685036
6.5766687 17.66004
6.7108865 17.630045
6.845104 17.60005
7.1135397 17.570055
7.2477574 17.53506
7.381975 17.490068
7.516193 17.465073
7.7846284 17.430079
7.918846 17.405083
8.053063 17.36509
8.187282 17.330095
8.455717 17.3051
8.589934 17.275105
8.724153 17.235111
8.992588 17.200117
9.126805 17.18012
9.395241 17.135128
9.529459 17.105133
9.663676 17.06014
9.932112 17.040144
10.06633 17.00515
10.200547 16.965157
10.334765 16.930162
10.603201 16.930162
