0.67108864 24.883827
0.9395241 22.389246
1.2079595 20.319593
1.3421773 18.604881
1.476395 17.12013
1.6106128 15.910316
1.7448305 14.835292
2.0132658 14.805291
2.1474836 14.780291
2.2817013 14.74029
2.415919 14.685288
2.5501368 14.660288
2.6843545 14.630287
2.8185723 14.595286
2.95279 14.545285
3.0870078 14.520285
3.3554432 14.485284
3.3554432 14.450283
3.6238787 14.415282
3.7580965 14.380281
3.8923142 14.33528
4.0265317 14.30028
4.1607494 14.275279
4.294967 14.235278
4.429185 14.190277
4.5634027 14.155276
4.6976204 14.130276
4.831838 14.090275
4.966056 14.060274
5.1002736 14.025273
5.2344913 13.9902725
5.502927 13.935271
5.502927 13.89527
5.7713623 13.88027
5.90558 13.840269
6.039798 13.795268
6.1740155 13.795268
