4.5634027 32.87782
7.6504107 31.827662
10.871636 30.842827
13.824426 29.912983
16.911434 29.048128
19.998442 28.228266
22.682796 27.453396
25.501368 26.71852
28.31994 26.008638
31.004295 25.34875
33.554432 24.708857
35.970352 24.098959
38.252052 23.524055
40.533752 22.974148
42.681236 22.454235
45.63403 21.964317
49.928993 21.479399
52.210697 21.034473
55.163486 20.589548
59.861107 20.179617
64.156075 19.784683
67.24308 19.394749
71.940704 19.02981
75.43037 18.664871
79.99377 18.329927
84.42295 18.004982
87.7784 17.670038
90.32853 17.375088
94.22085 17.06014
96.9052 16.76519
101.468605 16.76519
105.2267 16.760191
109.7901 16.760191
113.816635 16.750193
118.1116 16.750193
