0.13421772 17.60505
0.26843545 16.58522
0.4026532 15.670311
0.67108864 14.845292
0.67108864 14.795291
0.8053064 14.75029
1.0737418 14.705289
1.2079595 14.6452875
1.3421773 14.595286
1.476395 14.550285
1.6106128 14.495284
1.7448305 14.440283
1.8790482 14.385282
2.0132658 14.33528
2.2817013 14.31028
2.415919 14.275279
2.5501368 14.245278
2.6843545 14.235278
2.8185723 14.190277
2.95279 14.165277
3.0870078 14.140276
3.2212255 14.110275
3.3554432 14.085275
3.489661 14.050274
3.6238787 14.025273
3.7580965 13.9902725
3.8923142 13.975272
4.1607494 13.950272
4.294967 13.920271
4.429185 13.88027
4.5634027 13.86527
4.6976204 13.830269
4.831838 13.795268
4.966056 13.775268
5.1002736 13.775268
