0.5368709 21.879332
0.67108864 21.434406
0.8053064 21.014477
0.9395241 20.57455
1.0737418 20.184616
1.2079595 19.789682
1.3421773 19.409746
1.476395 19.03481
1.476395 18.679869
1.6106128 18.339926
1.7448305 18.024979
1.8790482 17.994984
2.0132658 17.969988
2.1474836 17.939993
2.2817013 17.904999
2.2817013 17.890001
2.415919 17.860006
2.5501368 17.83501
2.6843545 17.795017
2.8185723 17.770021
2.8185723 17.750025
2.95279 17.705032
3.0870078 17.700033
3.2212255 17.675037
3.3554432 17.640043
3.489661 17.620047
3.489661 17.590052
3.6238787 17.575054
3.7580965 17.575054
