4.966056 51.961895
9.932112 48.2411
13.958644 44.990406
17.850958 42.1498
21.340618 39.649265
24.696062 37.38378
27.917288 35.378353
31.004295 33.527958
33.957085 31.907648
36.64144 30.412899
39.325794 29.028131
41.87593 27.778341
44.426067 26.59354
46.707767 25.528719
48.98947 24.533886
51.002735 23.624039
53.15022 22.769182
55.163486 21.964317
57.042534 21.899328
58.92158 21.854336
60.800632 21.789347
62.67968 21.744354
64.69295 21.694363
66.70621 21.624374
68.85369 21.579382
70.598526 21.514393
72.61179 21.4744
74.49084 21.41441
76.504105 21.35442
78.24893 21.29443
80.12798 21.23444
82.14125 21.189447
84.15452 21.134457
85.899345 21.089464
87.7784 21.029474
89.79166 21.009478
91.67071 20.984482
93.54976 20.984482
