0.26843545 30.072956
5.368709 28.573208
10.06633 27.213436
14.495515 25.973644
18.790482 24.833836
22.817015 23.784012
26.57511 22.814175
30.467424 21.919325
34.22552 21.084465
37.715183 20.324593
41.070625 19.589716
44.29185 18.919828
47.24464 18.859838
50.33165 18.79485
53.28444 18.764854
56.371445 18.724861
59.324234 18.689867
62.411243 18.67487
65.49825 18.654873
68.58526 18.624878
71.80649 18.599882
74.89349 18.579885
78.24893 18.559889
81.47016 18.529894
84.42295 18.514896
87.50996 18.484901
90.462746 18.459906
93.54976 18.444908
96.77098 18.42991
99.85799 18.409914
103.079216 18.37492
106.032005 18.349924
109.11901 18.334927
112.0718 18.30993
115.15881 18.284935
118.24582 18.264938
121.46704 18.234943
124.41983 18.214947
127.50684 18.18995
130.59386 18.174953
133.68086 18.149958
136.76787 18.119963
139.85487 18.099966
142.80766 18.07497
145.89467 18.054974
149.11589 18.029978
152.06868 18.004982
155.1557 17.989985
158.2427 17.964989
161.32971 17.949991
164.2825 17.924995
167.50372 17.9
170.59073 17.880003
173.67773 17.855007
176.63052 17.83501
179.85176 17.800016
182.93877 17.78002
186.02577 17.765022
189.11278 17.740026
192.334 17.710032
195.28679 17.685036
198.64224 17.66504
201.86346 17.640043
204.81625 17.620047
208.03748 17.59505
211.12448 17.570055
214.21149 17.54506
217.29851 17.530062
220.2513 17.510065
223.3383 17.48507
226.42531 17.465073
229.51231 17.440077
232.59932 17.42008
235.4179 17.395084
238.5049 17.370089
241.72614 17.350092
244.67892 17.320097
247.90015 17.3001
250.85294 17.275105
253.93994 17.255108
256.7585 17.230112
259.84552 17.205116
262.93253 17.18512
265.8853 17.155125
268.97232 17.135128
271.9251 17.115131
275.01212 17.090136
277.9649 17.06514
280.9177 17.045143
284.0047 17.025146
287.22595 17.010149
290.04453 16.985153
293.13153 16.965157
296.08432 16.94516
299.17133 16.910166
302.1241 16.89017
305.0769 16.865173
308.0297 16.850176
310.84827 16.82018
313.93527 16.800184
316.75385 16.77019
319.70663 16.745193
322.65942 16.745193
