0.26843545 22.104294
0.5368709 20.054638
0.67108864 18.31993
0.9395241 16.870173
1.0737418 15.63031
1.2079595 14.540285
1.3421773 14.480284
1.476395 14.465283
1.6106128 14.445283
1.8790482 14.420282
2.0132658 14.405282
2.1474836 14.385282
2.2817013 14.350281
2.415919 14.33028
2.5501368 14.30028
2.6843545 14.275279
2.8185723 14.240278
3.0870078 14.200277
3.2212255 14.165277
3.3554432 14.145276
3.489661 14.1202755
3.6238787 14.095275
3.7580965 14.075274
3.8923142 14.025273
4.0265317 13.995273
4.1607494 13.955272
4.294967 13.920271
4.429185 13.920271
