3.0870078 32.797802
3.3554432 31.747675
3.489661 30.752842
3.7580965 29.852993
3.8923142 28.963142
4.1607494 28.178274
4.294967 27.393406
4.5634027 26.673527
4.6976204 25.958647
4.831838 25.328753
5.1002736 24.678862
5.2344913 24.098959
5.368709 23.509058
5.502927 22.989145
5.7713623 22.469233
5.90558 21.964317
6.039798 21.499395
6.1740155 21.05447
6.3082333 20.604546
6.442451 20.199614
6.5766687 19.779684
6.7108865 19.399748
6.845104 19.039808
7.1135397 18.664871
7.2477574 18.324928
7.381975 17.999983
7.516193 17.675037
7.6504107 17.375088
7.6504107 17.06514
7.7846284 16.785187
7.918846 16.780188
8.053063 16.780188
