0.9395241 32.057644
1.2079595 30.197935
1.3421773 28.528215
1.476395 27.033466
1.6106128 25.673695
1.7448305 24.4539
2.0132658 23.359083
2.0132658 22.374249
2.1474836 21.444405
2.2817013 20.599546
2.415919 19.80468
2.5501368 19.094799
2.6843545 18.414913
2.6843545 17.790018
2.8185723 17.750025
2.95279 17.72003
3.0870078 17.700033
3.2212255 17.680037
3.3554432 17.650042
3.3554432 17.625046
3.489661 17.60005
3.6238787 17.570055
3.7580965 17.54506
3.8923142 17.515064
4.0265317 17.500067
4.1607494 17.47507
4.1607494 17.47507
