0.9395241 23.569048
4.966056 20.919493
8.85837 18.774853
11.81116 17.025146
14.629732 15.560308
17.179869 14.340281
19.595789 13.295257
21.743273 12.370235
23.890755 12.315234
25.904022 12.290234
28.185722 12.240232
30.198988 12.195231
32.212254 12.15023
34.359737 12.090229
36.373005 12.045228
38.52049 12.005227
40.533752 11.945226
42.54702 11.895225
44.560287 11.840223
46.707767 11.795222
48.85525 11.750221
50.734303 11.68522
52.747566 11.640219
54.760834 11.595218
56.908318 11.535216
58.92158 11.510216
60.800632 11.475215
62.67968 11.440214
64.82716 11.410213
66.97465 11.385213
68.987915 11.350212
71.001175 11.320211
73.01444 11.290211
74.89349 11.290211
