0.26843545 23.164116
4.0265317 21.394413
7.7846284 19.854671
11.274289 18.519896
14.227079 18.404915
17.179869 18.339926
20.266876 18.264938
23.353884 18.18995
26.440893 18.129961
29.662117 18.054974
32.749126 17.974987
35.701916 17.909998
38.654705 17.83501
41.473278 17.765022
44.426067 17.690035
47.24464 17.610048
50.19743 17.565056
53.15022 17.520063
55.968792 17.465073
58.92158 17.435078
61.874374 17.390085
64.82716 17.330095
67.77995 17.290102
70.73274 17.255108
73.551315 17.210115
76.36989 17.165123
79.32268 17.12013
82.14125 17.070139
85.09404 17.025146
88.04683 16.985153
90.8654 16.935162
93.683975 16.895168
96.50255 16.845177
99.589554 16.800184
102.27391 16.760191
105.09248 16.730196
108.04527 16.670206
110.72962 16.620214
113.548195 16.580221
116.500984 16.535229
119.31956 16.490236
122.13813 16.445244
124.9567 16.400251
127.64106 16.35026
130.45963 16.315266
133.41241 16.315266
