5.90558 22.619207
8.053063 20.929491
10.06633 19.499731
11.81116 18.204948
13.421773 17.090136
14.898168 16.095303
16.508781 15.1803
18.119392 14.385282
19.595789 14.32528
21.072184 14.31528
22.280144 14.2952795
23.62232 14.265279
25.098715 14.245278
26.57511 14.235278
27.78307 14.210278
29.125246 14.190277
30.601643 14.175277
31.943819 14.145276
33.285995 14.130276
34.628174 14.110275
36.10457 14.100275
37.312527 14.075274
38.654705 14.050274
40.1311 14.030273
41.33906 14.010273
42.681236 13.985272
44.023415 13.965272
45.231373 13.965272
