3.0870078 35.808445
7.7846284 33.15788
11.676942 30.877821
14.898168 28.86316
17.314087 27.098455
19.998442 24.953815
22.41436 23.629038
25.232933 22.399244
27.648851 21.304428
30.601643 20.33959
33.017563 19.839674
35.165043 18.559889
36.909874 18.19995
38.92314 17.015148
40.533752 16.395252
42.144367 15.805314
43.8892 15.250301
46.439335 14.790291
50.063213 14.730289
51.808044 14.695289
54.35818 14.665288
56.505665 14.630287
57.98206 14.595286
59.861107 14.570286
61.605938 14.545285
63.35077 14.520285
65.63247 14.4702835
67.108864 14.430283
68.987915 14.350281
70.598526 14.33528
72.07492 14.255279
73.28288 14.235278
74.89349 14.130276
76.10145 14.130276
