0.26843545 32.92783
0.5368709 29.713017
0.8053064 27.043465
1.0737418 24.798841
1.3421773 22.889162
1.476395 21.239439
1.6106128 19.814678
1.8790482 18.54989
2.0132658 17.440077
2.1474836 16.445244
2.2817013 15.540308
2.415919 14.730289
2.6843545 14.680288
2.8185723 14.625287
2.95279 14.575286
3.0870078 14.520285
3.2212255 14.500284
3.3554432 14.465283
3.489661 14.435283
3.6238787 14.415282
3.7580965 14.390282
3.8923142 14.360281
4.0265317 14.33028
4.294967 14.31028
4.429185 14.290279
4.5634027 14.250278
4.6976204 14.225278
4.831838 14.195277
4.966056 14.160276
5.1002736 14.140276
5.2344913 14.1202755
5.368709 14.085275
5.502927 14.050274
5.6371446 14.040274
5.7713623 13.995273
5.90558 13.975272
6.039798 13.9452715
6.1740155 13.915271
6.3082333 13.89527
6.442451 13.86527
6.5766687 13.845269
6.7108865 13.810268
6.979322 13.785268
6.979322 13.755267
7.1135397 13.735267
7.381975 13.695266
7.516193 13.670265
7.6504107 13.645265
7.7846284 13.615264
7.918846 13.590263
8.053063 13.555263
8.187282 13.555263
