1.2079595 42.084785
8.053063 36.5286
14.092861 32.247684
19.327353 28.843163
24.159191 26.06363
28.31994 23.73902
32.078037 21.82934
35.701916 20.15962
39.191578 18.73486
42.278584 17.490068
45.365593 17.42008
48.318382 17.340094
51.27117 17.280104
53.95553 17.215115
57.042534 17.130129
59.995323 17.06014
62.948116 16.990152
65.9009 16.925163
68.719475 16.845177
71.40383 16.76519
74.08819 16.680204
76.90676 16.65021
79.85955 16.610216
82.67812 16.550226
85.63091 16.510233
88.449486 16.475239
91.402275 16.415249
94.086624 16.380255
96.77098 16.340261
99.45534 16.340261
