0.26843545 23.43407
0.5368709 22.824173
0.8053064 22.239271
0.9395241 21.689363
1.2079595 21.154453
1.476395 20.659536
1.6106128 20.184616
1.7448305 19.719694
2.0132658 19.274769
2.1474836 18.874836
2.2817013 18.459906
2.5501368 18.07497
2.6843545 17.705032
2.8185723 17.340094
3.0870078 16.995152
3.2212255 16.665207
3.3554432 16.340261
3.489661 16.025314
3.7580965 15.740313
3.8923142 15.450306
4.0265317 15.1753
4.1607494 14.910294
4.294967 14.650288
4.429185 14.630287
4.5634027 14.620287
4.831838 14.590286
4.831838 14.590286
