1.3421773 28.79317
1.6106128 26.878492
1.7448305 25.198774
1.8790482 23.714024
2.1474836 22.384247
2.2817013 21.194447
2.415919 20.109629
2.5501368 19.154789
2.6843545 18.269938
2.8185723 17.460073
2.95279 16.745193
3.0870078 16.090303
3.2212255 15.450306
3.2212255 14.865293
3.3554432 14.340281
3.489661 13.830269
3.6238787 13.375258
3.7580965 13.345258
3.7580965 13.340258
3.8923142 13.335258
4.0265317 13.315257
4.1607494 13.305257
4.294967 13.300257
4.294967 13.300257
4.429185 13.295257
4.5634027 13.2902565
4.5634027 13.280256
4.6976204 13.240255
4.831838 13.230255
4.966056 13.215255
4.966056 13.210255
5.1002736 13.190254
5.2344913 13.185254
5.2344913 13.175254
5.6371446 13.175254
