4.5634027 27.258429
4.6976204 26.163612
4.831838 25.10879
5.1002736 24.158949
5.2344913 23.269098
5.368709 22.439238
5.502927 22.36425
5.6371446 22.299261
5.7713623 22.24427
5.90558 22.174282
6.039798 22.099295
6.1740155 22.039305
6.3082333 21.959318
6.442451 21.929323
6.5766687 21.899328
6.7108865 21.859335
6.845104 21.82934
6.979322 21.794346
7.1135397 21.784348
7.2477574 21.744354
7.381975 21.70936
7.516193 21.679365
7.6504107 21.634373
7.7846284 21.624374
7.918846 21.58938
8.053063 21.564384
8.187282 21.514393
8.321499 21.489397
8.455717 21.489397
