0.26843545 23.998976
5.90558 22.079298
9.7978945 20.449572
13.421773 19.019812
16.642998 18.91483
19.998442 18.799849
23.353884 18.684868
26.709328 18.579885
29.930553 18.499899
33.285995 18.42991
36.64144 18.354923
39.862667 18.279936
42.949673 18.204948
46.1709 18.119963
49.392124 18.049974
52.61335 17.964989
55.700356 17.885002
58.92158 17.805016
62.142807 17.72003
65.36404 17.640043
68.45104 17.560057
71.672264 17.47507
74.62505 17.385086
77.84628 17.3051
81.067505 17.260107
84.020294 17.220114
87.24152 17.165123
90.32853 17.12513
93.415535 17.075138
96.36833 17.030146
99.45534 16.985153
102.54234 16.930162
105.76357 16.88017
108.71636 16.88017
