1.0737418 31.497717
3.8923142 30.737844
6.442451 30.027964
8.992588 29.33808
11.542725 28.668192
14.092861 28.053295
16.508781 27.448397
18.790482 26.903488
21.340618 26.343582
23.756538 25.808672
25.904022 25.293758
28.185722 24.798841
30.467424 24.32892
32.614906 23.868998
34.628174 23.424072
36.909874 23.004143
39.057358 22.594212
41.20484 22.18928
43.21811 22.164284
45.097157 22.139288
47.110424 22.104294
49.123688 22.079298
51.27117 22.054302
53.15022 22.034306
55.163486 21.999311
57.176754 21.984314
59.190018 21.94932
61.069065 21.914326
63.082333 21.899328
65.36404 21.88433
67.24308 21.869333
69.25635 21.859335
71.269615 21.854336
73.28288 21.839338
75.16193 21.82434
77.30941 21.819342
79.054245 21.804344
81.067505 21.784348
83.08077 21.784348
