1.6106128 15.070297
1.7448305 14.560286
1.8790482 14.530285
2.0132658 14.500284
2.1474836 14.475284
2.2817013 14.440283
2.415919 14.415282
2.5501368 14.380281
2.6843545 14.345281
2.8185723 14.32028
2.95279 14.290279
3.0870078 14.255279
3.2212255 14.235278
3.3554432 14.200277
3.489661 14.175277
3.6238787 14.140276
3.7580965 14.115275
3.8923142 14.080275
4.0265317 14.055274
4.1607494 14.020273
4.294967 13.980272
4.429185 13.960272
4.5634027 13.915271
4.6976204 13.88027
4.831838 13.86027
4.966056 13.825269
5.1002736 13.790268
5.2344913 13.7702675
5.368709 13.755267
5.502927 13.735267
5.7713623 13.725266
5.90558 13.700266
6.039798 13.675265
6.1740155 13.660265
6.3082333 13.645265
6.442451 13.635264
6.5766687 13.620264
6.7108865 13.610264
6.845104 13.610264
