0.4026532 43.725136
7.7846284 40.46944
14.629732 37.65884
20.937965 35.198315
27.246199 33.01785
33.017563 31.112782
38.38627 29.383072
43.486546 27.833332
48.4526 26.433567
53.016003 25.158781
57.445187 24.013973
61.740154 22.954151
65.766685 21.974316
69.79322 21.069468
73.68553 20.234608
77.30941 19.454739
80.53064 18.744858
83.88608 18.07497
86.97309 17.445076
90.19431 17.415081
93.415535 17.370089
96.36833 17.330095
99.589554 17.295101
102.81078 17.255108
105.89779 17.220114
109.11901 17.18012
112.206024 17.140127
115.427246 17.105133
118.51425 17.06514
121.73548 17.030146
124.68827 16.995152
127.775276 16.94516
130.86229 16.925163
134.21773 16.905167
137.30473 16.88517
140.52596 16.865173
143.61298 16.835178
146.56577 16.810183
149.78699 16.790186
152.73978 16.790186
