0.26843545 28.79317
0.5368709 27.84833
0.8053064 26.958479
1.0737418 26.11862
1.3421773 25.333752
1.6106128 24.593876
1.7448305 23.903992
2.0132658 23.234104
2.2817013 22.60421
2.415919 22.024307
2.6843545 21.449404
2.8185723 20.909494
3.0870078 20.389582
3.2212255 19.909662
3.489661 19.434742
3.6238787 18.989817
3.7580965 18.559889
4.0265317 18.144958
4.1607494 17.755024
4.294967 17.375088
4.5634027 17.00515
4.6976204 16.665207
4.831838 16.320265
4.966056 16.005318
5.2344913 15.690311
5.368709 15.390305
5.502927 15.095298
5.6371446 14.815291
5.7713623 14.545285
5.90558 14.285279
6.039798 14.030273
6.1740155 14.015273
6.3082333 14.010273
6.5766687 13.980272
6.7108865 13.970272
6.845104 13.955272
6.979322 13.935271
7.1135397 13.920271
7.2477574 13.905271
7.381975 13.88527
7.516193 13.87027
7.6504107 13.845269
7.7846284 13.835269
7.918846 13.8152685
8.053063 13.800268
8.187282 13.785268
8.321499 13.7702675
8.589934 13.750267
8.724153 13.735267
8.724153 13.735267
