2.0132658 64.19436
7.516193 61.07384
12.482248 58.283245
17.448305 55.702694
22.011707 53.33719
26.440893 51.14172
30.601643 49.141293
34.89661 47.285896
38.92314 45.545525
42.815456 43.920177
46.57355 42.409855
50.063213 40.999554
53.55287 39.694275
57.042534 38.424004
60.26376 37.263756
63.6192 36.21353
66.70621 35.203316
69.79322 34.268116
72.74601 33.377926
75.6988 32.522743
78.65159 31.71768
81.20173 30.94281
83.88608 30.217932
86.43622 29.528048
88.852135 28.848162
91.402275 28.223267
93.95241 27.628366
96.09989 27.038465
98.65003 26.47356
100.93173 25.948648
103.079216 25.433735
105.360916 24.943817
107.5084 24.468897
109.7901 23.988977
111.80337 23.549051
114.08507 23.119123
116.098335 22.714191
118.1116 22.319258
119.99065 21.94432
121.8697 21.574383
123.74875 21.219442
125.62779 21.219442
