4.294967 23.824005
4.429185 22.979147
4.6976204 22.909159
4.831838 22.84417
4.966056 22.819174
5.1002736 22.78418
5.2344913 22.759184
5.368709 22.729189
5.502927 22.699194
5.6371446 22.669199
5.7713623 22.649202
6.039798 22.614208
6.1740155 22.584213
6.3082333 22.54422
6.442451 22.509226
6.5766687 22.48923
6.7108865 22.449236
6.845104 22.399244
6.979322 22.36925
7.1135397 22.349253
7.2477574 22.30426
7.516193 22.269266
7.6504107 22.24427
7.7846284 22.194279
7.918846 22.169283
8.053063 22.134289
8.187282 22.104294
8.321499 22.054302
8.455717 22.024307
8.724153 21.994312
8.85837 21.954319
8.992588 21.919325
9.126805 21.88433
9.2610235 21.82934
9.395241 21.82934
