0.26843545 30.302917
5.368709 29.463058
9.932112 28.668192
14.629732 27.918318
19.46157 27.223434
24.024973 26.543549
28.454159 25.898657
32.749126 25.27876
37.17831 24.68386
41.070625 24.133953
45.231373 23.589045
49.123688 23.074131
52.881786 22.579214
56.63988 22.109293
60.26376 21.64937
63.887638 21.214443
67.51152 20.789515
70.86696 20.389582
74.49084 19.98465
77.84628 19.609713
81.067505 19.244774
84.15452 18.894833
87.37574 18.55489
90.462746 18.229944
93.415535 17.904999
96.50255 17.885002
99.589554 17.870005
102.81078 17.850008
105.62935 17.830011
108.71636 17.810015
111.80337 17.800016
114.75616 17.78002
117.70895 17.77502
120.79595 17.760023
123.614525 17.750025
126.567314 17.735027
129.65433 17.725029
132.60712 17.72003
135.42569 17.705032
138.5127 17.690035
141.46548 17.685036
144.41827 17.66504
147.50528 17.66004
150.45807 17.645042
153.41086 17.635044
156.49786 17.620047
159.31644 17.610048
162.26923 17.60005
165.35625 17.590052
168.30904 17.575054
171.39604 17.570055
174.48305 17.550058
177.43584 17.54506
180.38863 17.53506
183.2072 17.515064
186.2942 17.500067
189.38121 17.495068
192.19978 17.48507
195.15257 17.470072
198.10536 17.460073
201.05815 17.445076
204.14516 17.440077
207.09796 17.42508
210.05075 17.415081
213.00354 17.405083
215.95633 17.380087
219.04333 17.375088
221.86191 17.36509
224.94891 17.355091
227.9017 17.340094
230.85449 17.325096
233.9415 17.325096
236.89429 17.3051
239.9813 17.295101
242.79987 17.285103
245.88687 17.270105
248.83966 17.260107
251.79247 17.250109
254.61102 17.235111
257.5638 17.225113
260.5166 17.210115
263.4694 17.200117
266.5564 17.190119
269.5092 17.18012
272.73044 17.170122
275.54898 17.160124
278.63602 17.145126
281.5888 17.145126
284.5416 17.12513
287.4944 17.105133
290.44717 17.100134
293.26575 17.090136
296.35275 17.085136
299.17133 17.070139
302.1241 17.055141
304.9427 17.050142
307.89548 17.030146
310.84827 17.020147
313.93527 17.015148
316.75385 16.990152
319.84085 16.990152
