0.13421772 22.42924
0.4026532 21.359419
0.5368709 20.39958
0.8053064 19.494732
0.9395241 18.66987
1.2079595 17.919996
1.3421773 17.225113
1.476395 16.550226
1.7448305 15.950317
1.8790482 15.380304
2.0132658 14.855292
2.1474836 14.8202915
2.2817013 14.780291
2.415919 14.74529
2.5501368 14.720289
2.6843545 14.685288
2.8185723 14.640287
3.0870078 14.620287
3.2212255 14.585286
3.3554432 14.535285
3.489661 14.510284
3.6238787 14.480284
3.7580965 14.435283
3.8923142 14.420282
4.0265317 14.360281
4.1607494 14.33528
4.294967 14.30028
4.5634027 14.270279
4.5634027 14.225278
4.831838 14.200277
4.966056 14.165277
5.1002736 14.135276
5.2344913 14.125276
5.368709 14.100275
5.502927 14.095275
5.6371446 14.075274
5.7713623 14.050274
5.90558 14.045274
6.039798 14.005273
6.1740155 14.005273
6.3082333 13.980272
6.442451 13.960272
6.5766687 13.940271
6.845104 13.935271
6.979322 13.920271
7.1135397 13.89027
7.2477574 13.87027
7.381975 13.850269
7.516193 13.840269
7.6504107 13.825269
7.7846284 13.800268
7.918846 13.775268
8.053063 13.750267
8.187282 13.745267
8.321499 13.745267
