0.4026532 27.053463
0.5368709 26.498556
0.8053064 25.963646
0.9395241 25.443733
1.0737418 24.953815
1.2079595 24.478895
1.3421773 24.008974
1.476395 23.564049
1.6106128 23.13912
1.7448305 22.734188
1.8790482 22.709192
2.0132658 22.6592
2.1474836 22.629206
2.2817013 22.589212
2.415919 22.554218
2.5501368 22.519224
2.8185723 22.494228
2.8185723 22.459234
3.0870078 22.42924
3.2212255 22.389246
3.2212255 22.359251
3.3554432 22.329256
3.6238787 22.299261
3.7580965 22.264267
3.8923142 22.234272
4.0265317 22.209276
4.1607494 22.164284
4.294967 22.12929
4.429185 22.104294
4.5634027 22.059301
4.6976204 22.024307
4.831838 21.999311
4.966056 21.964317
5.1002736 21.929323
5.2344913 21.89433
5.368709 21.859335
5.502927 21.839338
5.6371446 21.794346
5.7713623 21.744354
5.90558 21.724358
6.039798 21.694363
6.1740155 21.65437
6.3082333 21.644371
6.442451 21.619375
6.5766687 21.619375
