0.8053064 34.6582
0.9395241 33.547962
1.2079595 32.482735
1.3421773 31.492718
1.6106128 30.562874
1.8790482 29.678022
2.0132658 28.868158
2.2817013 28.08329
2.415919 27.303421
2.6843545 26.613537
2.8185723 25.953648
2.95279 25.293758
3.0870078 24.68386
3.3554432 24.103958
3.489661 23.544052
3.6238787 22.999144
3.7580965 22.499228
4.0265317 22.00431
4.1607494 21.524391
4.294967 21.079466
4.429185 20.669535
4.5634027 20.244606
4.6976204 19.834675
4.966056 19.459738
5.1002736 19.094799
5.2344913 18.72986
5.2344913 18.389917
5.368709 18.039976
5.502927 17.71503
5.6371446 17.42508
5.7713623 17.12513
5.90558 17.095135
6.039798 17.085136
6.1740155 17.075138
6.3082333 17.06014
6.442451 17.040144
6.5766687 17.030146
7.1135397 17.030146
