0.4026532 24.238935
0.5368709 23.584045
0.67108864 22.944153
0.8053064 22.324257
0.9395241 21.744354
1.0737418 21.189447
1.2079595 20.669535
1.3421773 20.169619
1.476395 19.709696
1.6106128 19.254772
1.7448305 18.814846
1.8790482 18.389917
2.0132658 18.004982
2.0132658 17.645042
2.1474836 17.280104
2.2817013 16.94516
2.415919 16.605217
2.5501368 16.280272
2.6843545 15.980318
2.6843545 15.685311
2.8185723 15.390305
2.95279 15.1252985
3.0870078 14.855292
3.0870078 14.590286
3.2212255 14.345281
3.3554432 14.340281
3.489661 14.33028
3.489661 14.31528
3.6238787 14.31528
3.7580965 14.31028
3.8923142 14.280279
3.8923142 14.275279
4.0265317 14.270279
4.1607494 14.255279
4.1607494 14.245278
4.294967 14.240278
4.429185 14.230278
4.429185 14.220278
4.5634027 14.200277
4.6976204 14.185277
4.6976204 14.180277
4.831838 14.170277
4.966056 14.160276
4.966056 14.140276
5.1002736 14.135276
5.2344913 14.135276
