0.67108864 22.929155
4.1607494 20.249605
7.1135397 18.114964
8.992588 16.385254
10.871636 14.930294
13.287555 13.710266
17.314087 12.710243
19.864223 11.820223
23.890755 11.055205
26.57511 11.030205
30.735859 11.025205
33.82287 11.000204
37.446747 10.970203
40.936405 10.910202
44.426067 10.895202
47.78151 10.875201
51.136955 10.875201
54.492397 10.860201
57.98206 10.850201
61.471718 10.8302
64.69295 10.8152
68.18261 10.795199
71.53805 10.775199
75.16193 10.760199
78.51737 10.735198
81.87281 10.715198
85.36247 10.715198
