0.26843545 35.383354
6.5766687 33.718
12.348031 32.212677
17.582521 30.817831
22.817015 29.563042
27.78307 28.388239
32.48069 27.303421
37.17831 26.288591
41.473278 25.353748
45.63403 24.473896
49.794777 23.669031
53.82131 22.90416
57.713623 22.194279
61.471718 21.509394
65.0956 20.8795
68.58526 20.2796
72.20914 19.709696
75.56458 19.169786
79.054245 18.66987
82.27547 18.174953
85.36247 17.735027
88.449486 17.295101
91.402275 16.870173
94.48928 16.475239
97.30785 16.095303
100.26064 15.740313
102.945 15.390305
105.49513 15.055297
108.17949 14.74029
110.863846 14.4252825
113.548195 14.130276
116.098335 13.840269
118.51425 13.565263
120.79595 13.310257
123.211876 13.050251
125.62779 12.800245
127.775276 12.55524
130.05698 12.335235
132.20447 12.11523
134.48616 11.895225
136.63365 11.70022
138.64691 11.69022
140.52596 11.68022
142.80766 11.670219
144.95514 11.660219
146.96841 11.650219
148.84746 11.640219
150.99495 11.6302185
153.14243 11.615218
155.1557 11.605218
157.16896 11.590218
159.18222 11.580217
161.32971 11.570217
163.47719 11.560217
165.49046 11.550217
167.50372 11.540216
169.51698 11.530216
171.39604 11.520216
173.67773 11.510216
175.69101 11.500216
177.70427 11.490215
179.71754 11.480215
181.7308 11.465215
183.87828 11.465215
