2.6843545 30.872822
2.8185723 29.967974
3.0870078 29.09812
3.2212255 28.273258
3.3554432 27.503387
3.6238787 26.783508
3.7580965 26.088625
3.8923142 25.45873
4.0265317 24.818838
4.1607494 24.223938
4.429185 23.689028
4.429185 23.174114
4.6976204 22.669199
4.831838 22.199278
4.831838 21.734356
5.1002736 21.28943
5.2344913 20.8745
5.2344913 20.489565
5.368709 20.084633
5.502927 19.719694
5.6371446 19.349756
5.7713623 19.004814
5.90558 18.67487
5.90558 18.344925
6.039798 18.024979
6.1740155 17.725029
6.3082333 17.440077
6.442451 17.440077
