4.429185 18.639875
7.2477574 17.984985
11.274289 17.909998
13.55599 17.845009
15.435039 17.78002
17.448305 17.710032
19.058918 17.650042
20.535313 17.59505
22.145926 17.515064
23.756538 17.445076
25.232933 17.36009
26.709328 17.3001
28.31994 17.235111
29.930553 17.170122
31.541166 17.105133
33.017563 17.025146
34.628174 16.965157
36.10457 16.895168
37.580963 16.850176
38.92314 16.800184
40.399536 16.775188
41.87593 16.750193
43.21811 16.725197
44.694504 16.7052
46.036682 16.675205
47.513077 16.655209
48.85525 16.630213
50.33165 16.600218
51.808044 16.580221
53.28444 16.580221
