0.4026532 41.179592
7.2477574 34.94326
13.019119 30.317915
17.985176 26.748514
22.548578 23.903992
26.440893 21.58938
30.064772 19.674702
33.285995 18.07497
36.373005 16.690203
39.191578 15.505307
41.87593 14.465283
44.426067 14.405282
46.976204 14.375281
49.392124 14.33028
51.673824 14.2952795
54.089745 14.260279
56.63988 14.220278
59.190018 14.190277
61.605938 14.150276
63.887638 14.115275
66.30356 14.075274
68.85369 14.040274
71.269615 14.005273
73.68553 13.975272
76.23567 13.935271
78.65159 13.905271
81.067505 13.86027
83.617645 13.825269
86.16778 13.795268
88.449486 13.755267
90.8654 13.720266
93.415535 13.685266
95.69724 13.650265
98.11316 13.625264
100.529076 13.580263
102.81078 13.540262
105.360916 13.505261
107.64262 13.46026
110.19276 13.420259
112.47446 13.395259
114.89037 13.365258
117.3063 13.330257
119.588 13.280256
122.13813 13.255256
124.41983 13.225255
126.835754 13.185254
129.11745 13.140253
131.53337 13.110252
133.81508 13.110252
