0.26843545 29.683022
0.5368709 28.888155
0.8053064 28.14328
1.0737418 27.4334
1.3421773 26.758512
1.6106128 26.11862
1.8790482 25.498724
2.1474836 24.913822
2.415919 24.348917
2.6843545 23.804008
2.8185723 23.299093
3.0870078 22.799177
3.2212255 22.329256
3.489661 21.864334
3.7580965 21.429407
3.8923142 21.009478
4.0265317 20.599546
4.294967 20.209612
4.429185 19.824677
4.6976204 19.464737
4.831838 19.104797
4.966056 18.764854
5.2344913 18.43491
5.368709 18.424911
5.6371446 18.394917
5.7713623 18.37992
5.90558 18.364922
6.1740155 18.334927
6.3082333 18.329927
6.442451 18.299932
6.7108865 18.289934
6.845104 18.269938
6.979322 18.24994
7.2477574 18.234943
7.381975 18.209948
7.516193 18.19995
7.6504107 18.179953
7.918846 18.154957
8.053063 18.13996
8.321499 18.109964
8.455717 18.094967
8.589934 18.07497
8.724153 18.059973
8.992588 18.044975
9.126805 18.01998
9.2610235 18.004982
9.529459 17.984985
9.663676 17.95999
9.7978945 17.944992
9.932112 17.919996
10.200547 17.9
10.334765 17.880003
10.468983 17.860006
10.603201 17.845009
10.871636 17.815014
11.005854 17.800016
11.274289 17.78002
11.408507 17.765022
11.542725 17.740026
11.81116 17.725029
11.81116 17.695034
12.079596 17.675037
12.213813 17.65504
12.482248 17.635044
12.6164665 17.620047
12.750684 17.59505
13.019119 17.575054
13.1533375 17.560057
13.287555 17.530062
13.421773 17.515064
13.690208 17.48507
13.824426 17.465073
13.958644 17.450075
14.092861 17.42508
14.361297 17.410082
14.495515 17.390085
14.629732 17.370089
14.898168 17.350092
15.032386 17.340094
15.166603 17.330095
15.435039 17.325096
15.569257 17.315098
15.703474 17.3001
15.837692 17.285103
16.106127 17.275105
16.240345 17.275105
