2.6843545 45.170444
2.95279 43.64512
3.2212255 42.28983
3.489661 40.944542
3.7580965 39.694275
4.0265317 38.534027
4.1607494 37.388783
4.429185 36.35356
4.6976204 35.353348
4.966056 34.393143
5.2344913 33.49295
5.368709 32.65277
5.502927 31.847658
5.7713623 31.077787
5.90558 30.302917
6.039798 29.598036
6.3082333 28.92315
6.442451 28.273258
6.7108865 27.643364
6.845104 27.058462
6.979322 26.458563
7.1135397 25.908655
7.2477574 25.373745
7.381975 24.86883
7.516193 24.368914
7.7846284 23.91899
7.918846 23.469065
8.053063 23.039137
8.187282 22.649202
8.321499 22.229273
8.455717 21.854336
8.589934 21.844337
8.724153 21.839338
8.992588 21.82934
9.126805 21.809343
9.2610235 21.789347
9.395241 21.76935
9.529459 21.754353
9.663676 21.734356
9.7978945 21.719358
9.7978945 21.70936
9.932112 21.689363
10.200547 21.679365
10.200547 21.65437
10.334765 21.639372
10.603201 21.629374
10.603201 21.609377
10.737418 21.599379
11.005854 21.579382
11.005854 21.569384
11.140072 21.544388
11.408507 21.539389
11.408507 21.514393
11.676942 21.504395
11.81116 21.489397
11.945377 21.4744
12.079596 21.459402
12.213813 21.429407
12.348031 21.419409
12.482248 21.394413
12.6164665 21.394413
