0.13421772 18.219946
0.26843545 16.865173
0.4026532 15.690311
0.67108864 15.62531
0.8053064 15.535308
0.9395241 15.4753065
1.0737418 15.400305
1.2079595 15.330303
1.3421773 15.270302
1.476395 15.1853
1.6106128 15.130299
1.8790482 15.055297
2.0132658 14.985295
2.1474836 14.910294
2.2817013 14.835292
2.415919 14.800291
2.5501368 14.76029
2.6843545 14.730289
2.8185723 14.690289
2.95279 14.6452875
3.0870078 14.610287
3.2212255 14.580286
3.3554432 14.540285
3.6238787 14.500284
3.7580965 14.475284
3.8923142 14.440283
4.0265317 14.395282
4.1607494 14.350281
4.294967 14.31528
4.429185 14.280279
4.5634027 14.250278
4.6976204 14.205277
4.831838 14.180277
5.1002736 14.130276
5.2344913 14.095275
5.2344913 14.070274
5.502927 14.030273
5.6371446 13.985272
5.7713623 13.955272
5.90558 13.915271
6.039798 13.88527
6.1740155 13.88527
