0.4026532 33.44794
0.67108864 30.002968
0.9395241 27.173443
1.0737418 24.80884
1.3421773 22.814175
1.476395 21.10946
1.7448305 19.61971
1.8790482 19.539724
2.0132658 19.44474
2.2817013 19.349756
2.415919 19.249773
2.5501368 19.164787
2.8185723 19.074802
2.95279 18.984818
3.0870078 18.884834
3.3554432 18.839842
3.489661 18.78985
3.7580965 18.739859
3.8923142 18.704865
4.0265317 18.659872
4.1607494 18.604881
4.429185 18.569887
4.5634027 18.524895
4.6976204 18.469904
4.966056 18.424911
5.1002736 18.37992
5.368709 18.329927
5.502927 18.294933
5.6371446 18.24994
5.7713623 18.19495
5.90558 18.149958
6.1740155 18.104965
6.3082333 18.059973
6.442451 18.009981
6.7108865 17.969988
6.845104 17.919996
7.1135397 17.870005
7.2477574 17.83501
7.381975 17.78002
7.6504107 17.735027
7.7846284 17.690035
7.918846 17.645042
8.053063 17.60005
8.321499 17.560057
8.455717 17.510065
8.589934 17.510065
