0.8053064 26.668528
0.9395241 24.358915
1.2079595 22.394245
1.476395 20.714527
1.6106128 19.254772
1.8790482 19.169786
2.0132658 19.0848
2.1474836 19.02981
2.415919 18.994816
2.5501368 18.934826
2.8185723 18.894833
2.95279 18.844841
3.2212255 18.78985
3.3554432 18.754856
3.6238787 18.709864
3.7580965 18.659872
3.8923142 18.61488
4.1607494 18.569887
4.294967 18.524895
4.5634027 18.474903
4.6976204 18.43491
4.966056 18.389917
5.1002736 18.344925
5.2344913 18.289934
5.502927 18.239943
5.6371446 18.19495
5.90558 18.149958
6.039798 18.104965
6.3082333 18.064972
6.442451 18.01498
6.5766687 17.95999
6.845104 17.924995
6.979322 17.870005
7.2477574 17.830011
7.381975 17.77502
7.516193 17.725029
7.7846284 17.680037
7.918846 17.630045
8.053063 17.585052
8.321499 17.54006
8.455717 17.500067
8.589934 17.455074
8.85837 17.410082
8.85837 17.36009
9.126805 17.36009
