0.13421772 21.28943
4.0265317 20.069635
7.6504107 18.984818
11.140072 17.994984
14.227079 17.100134
17.314087 16.300268
20.266876 15.555308
23.08545 14.875293
25.635586 14.250278
27.917288 13.690266
30.333206 13.160254
32.614906 12.655242
34.89661 12.195231
37.044094 11.765222
39.191578 11.750221
41.473278 11.730221
43.62076 11.68522
45.63403 11.670219
47.647293 11.650219
49.928993 11.610218
52.076477 11.590218
54.22396 11.570217
56.23723 11.535216
58.250492 11.510216
60.532196 11.495215
62.67968 11.475215
64.82716 11.4552145
66.84043 11.440214
68.719475 11.440214
