0.26843545 25.503723
4.5634027 24.363914
8.589934 23.31909
12.6164665 22.379248
16.508781 21.494396
20.13266 20.664536
23.756538 19.909662
27.246199 19.214779
30.467424 18.54989
33.554432 18.504898
36.775658 18.474903
39.862667 18.43491
42.949673 18.399916
46.036682 18.359922
49.123688 18.30993
52.076477 18.274937
55.163486 18.25494
58.250492 18.234943
61.203285 18.214947
64.29029 18.184952
67.24308 18.159956
70.330086 18.13996
73.28288 18.109964
76.504105 18.089968
79.725334 18.064972
82.946556 18.049974
86.302 18.01498
89.523224 17.999983
92.61023 17.984985
95.4288 17.964989
98.515816 17.939993
101.60282 17.909998
104.82404 17.895
108.04527 17.870005
111.266495 17.84001
114.35351 17.825012
117.44051 17.805016
120.3933 17.770021
123.48031 17.750025
126.567314 17.725029
129.65433 17.710032
132.87555 17.680037
135.96255 17.66004
138.78113 17.635044
141.86813 17.60505
145.08937 17.590052
148.3106 17.565056
151.26338 17.54506
154.35039 17.510065
157.4374 17.490068
160.65862 17.47507
163.74562 17.445076
166.5642 17.42508
169.65121 17.410082
172.87244 17.380087
175.95944 17.36509
178.91223 17.335094
181.86502 17.320097
185.08624 17.3001
188.03903 17.275105
191.26027 17.24511
194.34727 17.220114
197.30006 17.205116
200.38707 17.175121
203.47408 17.155125
206.42686 17.135128
209.37965 17.105133
212.60088 17.085136
215.55367 17.06014
218.50645 17.040144
221.59348 17.020147
224.41205 16.985153
227.2306 16.970156
230.31763 16.94516
233.40463 16.915165
236.35742 16.900167
239.57864 16.875172
242.53143 16.850176
245.61844 16.82518
248.57123 16.82518
