4.294967 34.693207
7.2477574 32.08265
10.06633 29.847994
12.884902 27.883324
15.166603 26.138617
17.582521 24.588877
19.595789 23.219107
21.743273 21.984314
23.756538 21.909327
25.635586 21.819342
27.514635 21.734356
29.393682 21.64937
31.406948 21.614376
33.285995 21.58938
35.299263 21.559385
37.312527 21.52939
39.057358 21.494396
41.070625 21.464401
42.815456 21.434406
44.82872 21.404411
46.707767 21.374416
48.58682 21.34942
50.465866 21.314426
52.344913 21.269434
54.089745 21.239439
56.103012 21.204445
57.98206 21.184448
59.861107 21.149454
61.874374 21.149454
