0.13421772 36.183525
3.6238787 33.853027
6.979322 31.77767
9.7978945 29.937979
12.348031 28.293255
14.898168 26.798506
17.314087 25.483727
19.46157 24.283928
21.474836 23.19411
23.62232 22.18428
25.367151 21.264435
27.380417 20.40458
29.125246 19.604713
30.735859 18.884834
32.614906 18.19995
34.359737 17.550058
35.970352 17.505066
37.580963 17.460073
39.325794 17.42008
40.80219 17.380087
42.278584 17.335094
43.75498 17.310099
45.365593 17.3001
46.976204 17.285103
48.58682 17.265106
50.063213 17.24011
51.40539 17.230112
53.016003 17.215115
54.626614 17.190119
56.23723 17.18012
57.579407 17.160124
59.0558 17.145126
60.666412 17.12513
62.277027 17.105133
63.887638 17.090136
65.36404 17.075138
66.84043 17.06014
68.45104 17.040144
70.06165 17.015148
71.53805 17.00515
73.01444 16.985153
74.62505 16.965157
76.23567 16.965157
