5.90558 26.53855
6.039798 25.863663
6.3082333 25.218771
6.442451 24.608873
6.5766687 24.043968
6.7108865 23.49406
6.845104 22.929155
6.979322 22.414242
7.1135397 21.924324
7.2477574 21.459402
7.381975 21.009478
7.516193 20.569551
7.6504107 20.154621
7.7846284 19.759687
7.918846 19.354755
8.053063 18.989817
8.053063 18.629877
8.187282 18.279936
8.321499 17.949991
8.455717 17.610048
8.589934 17.290102
8.724153 17.275105
8.85837 17.235111
8.85837 17.215115
8.992588 17.195118
9.126805 17.190119
9.2610235 17.18512
9.395241 17.155125
9.529459 17.150126
9.529459 17.130129
9.663676 17.12513
9.7978945 17.100134
9.932112 17.100134
10.06633 17.085136
10.06633 17.080137
10.200547 17.075138
10.334765 17.040144
10.468983 17.040144
