2.8185723 36.458584
3.0870078 35.003273
3.3554432 33.63298
3.489661 32.41772
3.7580965 31.227762
3.8923142 30.147943
4.1607494 29.118116
4.294967 28.173275
4.429185 27.278425
4.5634027 26.423569
4.6976204 25.648699
4.831838 24.893826
5.1002736 24.183945
5.2344913 23.509058
5.368709 22.869165
5.502927 22.259268
5.6371446 21.689363
5.7713623 21.144455
5.90558 20.624542
6.039798 20.114628
6.1740155 19.644707
6.1740155 19.184784
6.3082333 18.749857
6.442451 18.334927
6.5766687 17.944992
6.7108865 17.54006
6.845104 17.170122
6.979322 16.82018
7.1135397 16.480238
7.2477574 16.145294
7.2477574 15.820314
7.381975 15.530308
7.516193 15.235301
7.516193 14.970295
7.6504107 14.720289
7.7846284 14.485284
7.918846 14.245278
7.918846 14.245278
