0.5368709 53.05713
9.395241 44.660336
16.911434 38.49402
23.219667 33.833023
28.588377 30.147943
33.420216 27.173443
38.117836 24.723854
42.54702 22.6592
46.57355 20.889498
50.33165 19.374752
53.55287 18.054974
56.505665 17.979986
59.59267 17.9
62.67968 17.830011
65.9009 17.750025
68.85369 17.675037
71.80649 17.59505
74.89349 17.555058
77.84628 17.510065
80.79907 17.460073
84.020294 17.42008
86.97309 17.36509
90.19431 17.325096
93.012886 17.275105
96.09989 17.230112
98.918465 17.18512
102.00547 17.130129
104.95826 17.095135
107.91106 17.050142
110.99806 16.995152
113.816635 16.955158
116.90364 16.910166
119.85643 16.865173
122.675 16.82018
125.76201 16.780188
128.58058 16.720198
131.53337 16.680204
134.48616 16.680204
