2.0132658 28.768175
6.7108865 25.75868
10.871636 24.523888
15.435039 23.988977
20.66953 23.159117
24.964497 22.074299
28.588377 21.634373
32.614906 20.904495
37.8494 20.354588
42.949673 19.704697
47.110424 19.099798
51.539608 18.214947
55.431923 18.094967
59.458454 17.550058
63.75342 17.070139
68.85369 16.665207
71.940704 16.215282
77.44363 15.8253145
80.79907 15.215301
85.63091 14.900293
89.523224 14.575286
94.086624 14.4252825
99.1869 14.235278
104.82404 13.9452715
110.863846 13.650265
116.23255 13.1152525
121.46704 13.1152525
