0.13421772 19.334759
3.489661 18.124962
6.442451 17.055141
9.126805 16.085304
11.945377 15.230301
14.361297 14.460283
16.777216 14.420282
19.193134 14.370281
21.609055 14.33528
23.890755 14.2952795
26.306675 14.250278
28.722593 14.195277
31.138514 14.165277
33.68865 14.110275
36.238785 14.075274
38.788925 14.030273
41.070625 13.980272
43.352325 13.930271
45.768246 13.89527
48.184166 13.840269
50.734303 13.820269
53.016003 13.780268
55.297703 13.765267
57.713623 13.730267
60.129543 13.705266
62.67968 13.675265
64.82716 13.655265
67.108864 13.625264
69.659004 13.600264
72.07492 13.570263
74.35662 13.535262
76.77254 13.515262
79.18846 13.490261
81.47016 13.45526
83.75186 13.43526
86.16778 13.410259
88.449486 13.380259
90.731186 13.345258
93.1471 13.330257
95.4288 13.2902565
97.7105 13.270256
100.12643 13.245255
102.27391 13.245255
