0.26843545 30.092953
0.4026532 28.223267
0.67108864 26.558546
0.9395241 25.073795
1.2079595 23.73402
1.3421773 22.534222
1.6106128 21.449404
1.8790482 20.46457
2.0132658 19.534725
2.1474836 18.689867
2.415919 17.934994
2.5501368 17.210115
2.6843545 16.555225
2.95279 15.945317
3.0870078 15.360304
3.2212255 14.815291
3.3554432 14.795291
3.489661 14.75529
3.6238787 14.720289
3.8923142 14.695289
4.0265317 14.665288
4.1607494 14.610287
4.294967 14.595286
4.429185 14.550285
4.5634027 14.510284
4.6976204 14.4702835
4.831838 14.460283
4.966056 14.405282
5.1002736 14.370281
5.2344913 14.340281
5.368709 14.290279
5.502927 14.260279
5.6371446 14.250278
5.7713623 14.225278
6.039798 14.210278
6.1740155 14.180277
6.3082333 14.170277
6.442451 14.150276
6.5766687 14.130276
6.7108865 14.125276
6.845104 14.110275
6.979322 14.070274
7.1135397 14.070274
7.2477574 14.035274
7.381975 14.030273
7.516193 14.020273
7.6504107 13.9902725
7.7846284 13.975272
7.918846 13.9452715
8.053063 13.9452715
