0.4026532 45.410496
7.918846 39.39421
14.361297 34.738216
20.13266 31.06779
25.501368 28.063293
30.198988 25.573711
34.628174 23.484062
38.654705 21.699362
42.278584 20.149622
45.902462 18.804848
48.98947 17.60005
51.808044 16.565224
54.626614 15.64031
57.31097 14.805291
59.995323 14.055274
62.411243 14.030273
64.82716 13.975272
67.3773 13.930271
69.92744 13.89527
72.20914 13.850269
74.49084 13.810268
77.04098 13.765267
79.456894 13.720266
81.87281 13.685266
84.288734 13.6402645
86.570435 13.5952635
88.98635 13.555263
91.26806 13.500261
93.54976 13.46026
96.09989 13.44526
98.65003 13.42526
100.93173 13.415259
103.21343 13.395259
105.76357 13.375258
107.91106 13.355258
110.32697 13.330257
112.74289 13.310257
115.02459 13.295257
117.3063 13.295257
