4.6976204 23.089128
4.966056 22.494228
4.966056 21.914326
5.1002736 21.364418
5.2344913 20.844505
5.368709 20.34459
5.502927 19.884666
5.6371446 19.424744
5.7713623 18.989817
5.90558 18.564888
6.039798 18.174953
6.1740155 17.790018
6.1740155 17.400084
6.3082333 17.055141
6.442451 16.715199
6.5766687 16.380255
6.7108865 16.065308
6.7108865 15.770313
6.845104 15.480307
6.979322 15.2003
7.1135397 14.940294
7.1135397 14.690289
7.2477574 14.680288
7.381975 14.675288
7.516193 14.670288
7.516193 14.6452875
7.6504107 14.635287
7.7846284 14.630287
7.918846 14.615287
7.918846 14.605287
8.053063 14.585286
8.187282 14.580286
8.321499 14.570286
8.321499 14.565286
8.455717 14.550285
8.589934 14.545285
8.589934 14.530285
8.724153 14.525285
8.85837 14.505284
8.992588 14.490284
8.992588 14.485284
9.126805 14.480284
9.2610235 14.4702835
9.2610235 14.455283
9.395241 14.445283
9.529459 14.440283
9.529459 14.420282
9.663676 14.420282
9.7978945 14.410282
9.7978945 14.390282
9.932112 14.390282
10.06633 14.375281
10.06633 14.375281
