0.26843545 35.903465
6.039798 31.867655
11.274289 28.6182
15.9719095 25.94365
20.401094 23.704025
24.29341 21.819342
28.185722 20.194614
31.541166 18.774853
34.76239 18.709864
37.8494 18.629877
40.936405 18.569887
44.023415 18.4899
46.976204 18.419912
50.063213 18.344925
53.016003 18.264938
56.103012 18.19495
59.0558 18.114964
62.00859 18.01998
65.0956 17.95499
68.048386 17.880003
71.269615 17.785019
74.49084 17.705032
77.57785 17.620047
80.53064 17.53506
83.48343 17.460073
86.43622 17.370089
89.523224 17.335094
92.3418 17.275105
95.294586 17.235111
98.247375 17.18512
101.33438 17.140127
104.28718 17.095135
107.23997 17.055141
110.19276 16.995152
113.01133 16.995152
