2.6843545 43.395065
6.3082333 41.949757
9.7978945 40.60947
13.1533375 39.334198
16.374563 38.163948
19.730005 37.038708
22.817015 35.988483
25.904022 34.99327
29.125246 34.028065
32.078037 33.127872
34.76239 32.257687
37.580963 31.447725
40.1311 30.667856
42.815456 29.912983
45.49981 29.193104
48.184166 28.533215
50.465866 27.888323
53.016003 27.268427
55.297703 26.673527
57.579407 26.088625
59.861107 25.543716
62.142807 25.018805
64.156075 24.503891
66.437775 23.993977
68.45104 23.519056
70.46431 23.069132
72.47757 22.624207
74.35662 22.209276
76.504105 21.809343
78.24893 21.419409
80.2622 21.069468
82.007034 21.069468
