7.2477574 27.158445
9.663676 26.463562
11.945377 25.808672
14.227079 25.193775
16.642998 24.583878
18.656263 24.013973
20.803747 23.459066
22.682796 22.949152
24.83028 22.434238
26.843546 21.954319
28.722593 21.499395
30.601643 21.064468
32.48069 20.644539
34.22552 20.229609
36.10457 19.824677
38.117836 19.44474
39.728447 19.074802
41.473278 18.719862
43.21811 18.364922
44.82872 18.039976
46.439335 17.730028
48.184166 17.695034
49.794777 17.675037
51.27117 17.640043
53.15022 17.585052
54.760834 17.565056
56.371445 17.53506
57.84784 17.520063
59.59267 17.500067
61.3375 17.470072
62.948116 17.430079
64.29029 17.390085
66.16934 17.350092
67.77995 17.335094
69.390564 17.315098
70.86696 17.290102
72.47757 17.270105
74.222404 17.250109
75.96723 17.235111
77.44363 17.220114
78.92002 17.18512
80.664856 17.155125
82.40968 17.140127
84.020294 17.130129
85.63091 17.12013
87.10731 17.110132
88.449486 17.100134
90.19431 17.090136
91.93914 17.080137
93.54976 17.075138
95.02615 17.075138
