0.13421772 21.58938
0.26843545 20.69953
0.4026532 19.874668
0.5368709 19.114796
0.67108864 18.439909
0.8053064 17.765022
0.8053064 17.72003
0.9395241 17.66004
1.0737418 17.620047
1.0737418 17.575054
1.2079595 17.54006
1.3421773 17.495068
1.476395 17.47507
1.6106128 17.450075
1.7448305 17.42508
1.7448305 17.390085
1.8790482 17.370089
2.0132658 17.355091
2.1474836 17.320097
2.2817013 17.3001
2.415919 17.275105
2.415919 17.24011
2.5501368 17.220114
2.6843545 17.195118
2.8185723 17.165123
2.8185723 17.165123
