0.4026532 28.97314
6.442451 26.218603
11.945377 23.943985
16.106127 21.999311
20.535313 20.354588
24.024973 18.91483
27.917288 18.804848
31.27273 18.689867
35.43348 18.564888
39.057358 18.459906
42.144367 18.329927
45.768246 18.219946
48.85525 18.104965
52.47913 17.984985
55.968792 17.870005
59.190018 17.770021
62.813896 17.690035
65.766685 17.60505
68.987915 17.560057
72.47757 17.515064
76.10145 17.470072
79.18846 17.42008
82.40968 17.370089
85.76513 17.325096
89.120575 17.280104
92.61023 17.24011
96.09989 17.18512
99.45534 17.18512
