0.4026532 28.97314
6.442451 26.218603
11.945377 23.943985
16.240345 21.999311
20.66953 20.354588
24.024973 18.91483
28.051506 18.804848
31.406948 18.689867
35.5677 18.564888
39.191578 18.459906
42.412804 18.329927
46.1709 18.219946
49.392124 18.104965
52.881786 17.984985
56.505665 17.870005
59.72689 17.770021
63.484985 17.690035
66.437775 17.60505
69.659004 17.560057
73.28288 17.515064
77.04098 17.470072
79.99377 17.42008
83.21499 17.370089
87.10731 17.325096
90.59697 17.280104
94.086624 17.24011
97.57629 17.18512
101.06595 17.18512
101.33438 19.784683
105.09248 18.299932
108.17949 17.055141
111.534935 17.055141
111.66915 17.435078
114.89037 16.265274
118.1116 16.185287
121.19861 16.150293
124.1514 16.150293
124.41983 18.499899
127.90949 17.190119
130.9965 17.160124
133.9493 17.130129
137.30473 17.130129
137.57317 19.02981
140.7944 17.645042
144.14984 16.480238
146.8342 16.480238
147.10263 18.574886
150.59229 17.255108
153.54507 17.175121
156.76631 17.175121
157.03474 19.819677
160.39018 18.324928
163.74562 17.080137
166.96686 17.080137
167.23529 17.550058
170.45651 16.360258
173.67773 16.335262
176.89897 16.300268
179.71754 16.300268
179.85176 18.349924
183.60985 17.06514
186.69685 17.030146
189.78387 17.030146
189.91809 19.32476
193.54196 17.909998
197.03163 16.690203
200.11864 16.690203
200.25285 19.239775
204.01094 17.830011
207.09796 16.605217
210.4534 16.605217
210.58762 17.944992
213.80884 16.7052
217.03006 16.665207
220.11708 16.665207
220.2513 17.470072
223.74095 16.29027
226.82796 16.255276
229.78075 16.255276
229.91496 17.84001
233.53885 16.610216
236.49164 16.575222
239.31021 16.575222
239.44443 17.330095
242.79987 16.16529
245.61844 16.135296
248.57123 16.135296
248.83966 17.405083
252.0609 16.23528
254.87947 16.16529
258.2349 16.16529
258.36914 18.214947
261.8588 16.95016
264.81158 16.910166
268.16702 16.88017
271.1198 16.88017
271.25403 19.344757
275.14633 17.919996
278.23334 16.695202
281.4546 16.665207
284.5416 16.665207
284.6758 18.349924
288.29968 17.050142
291.3867 16.985153
294.74213 16.955158
297.96335 16.955158
298.23178 17.570055
301.3188 16.390253
304.4058 16.365257
307.22437 16.365257
307.3586 18.179953
310.98248 16.915165
313.93527 16.88517
317.1565 16.88517
