0.4026532 28.97314
0.67108864 26.218603
0.9395241 23.948984
1.2079595 22.00431
1.476395 20.359587
1.6106128 18.91483
1.8790482 18.829844
2.0132658 18.739859
2.2817013 18.654873
2.415919 18.574886
2.6843545 18.484901
2.8185723 18.399916
3.0870078 18.31493
3.2212255 18.224945
3.3554432 18.129961
3.6238787 18.039976
3.7580965 17.95499
4.0265317 17.9
4.1607494 17.850008
4.429185 17.805016
4.5634027 17.765022
4.6976204 17.72003
4.966056 17.680037
5.1002736 17.630045
5.2344913 17.585052
5.502927 17.54006
5.6371446 17.48007
6.442451 17.460073
7.1135397 17.42508
7.918846 17.400084
8.455717 17.375088
9.126805 17.340094
9.932112 17.315098
10.603201 17.285103
11.408507 17.250109
12.079596 17.215115
12.884902 17.18512
16.508781 17.18512
