0.2013266 24.340462
1.2750684 23.260437
2.2817013 22.340416
3.3554432 21.470396
3.959423 20.650377
4.831838 19.89036
5.7042537 19.220345
6.5095596 18.55033
7.1135397 17.960316
7.851737 17.930315
8.589934 17.890314
9.395241 17.880314
10.06633 17.850313
10.804527 17.830313
11.542725 17.820312
12.348031 17.790312
13.1533375 17.780312
13.623099 17.760311
14.361297 17.75031
15.166603 17.74031
15.9048 17.72031
16.57589 17.70031
17.314087 17.69031
18.119392 17.67031
18.857592 17.660309
19.595789 17.620308
20.06555 17.600307
20.870857 17.570307
21.609055 17.550306
22.41436 17.540306
23.018341 17.520306
23.756538 17.490305
24.561844 17.480305
25.300041 17.460304
26.038239 17.450304
26.776436 17.430304
27.514635 17.420303
28.252832 17.400303
28.99103 17.380302
29.595009 17.380302
