0.2013266 26.41051
3.6909876 25.13048
5.90558 23.990454
8.053063 22.92043
10.468983 21.940407
13.086228 21.050386
15.837692 20.230368
17.649632 19.47035
19.864223 18.780334
22.280144 18.100319
23.890755 17.470304
25.904022 17.440304
28.118614 17.400303
29.796335 17.360302
31.943819 17.3103
34.158413 17.2903
35.836132 17.2703
37.916508 17.2503
40.198208 17.210299
41.808823 17.170298
43.822086 17.150297
46.036682 17.130297
47.647293 17.090296
49.459232 17.050295
51.673824 17.010294
53.888416 16.970293
55.49903 16.960293
57.445187 16.940292
59.59267 16.920292
61.807262 16.900291
63.417877 16.890291
65.22981 16.87029
67.17597 16.85029
69.390564 16.85029
