0.26843545 36.91981
2.7514634 34.6002
4.496294 32.58054
6.5766687 30.750608
7.918846 29.120571
9.7978945 27.670538
11.005854 26.340508
12.683576 25.13048
13.891535 24.030455
15.435039 23.020432
16.777216 22.08041
18.119392 21.21039
19.528679 20.430372
20.468203 19.690355
21.743273 18.98034
22.951231 18.360325
23.689428 18.310324
24.83028 18.250322
25.97113 18.240322
27.17909 18.230322
28.31994 18.210321
29.393682 18.200321
30.601643 18.17032
31.742493 18.14032
32.749126 18.11032
33.889977 18.100319
35.030827 18.090319
35.903244 18.080318
37.111202 18.050318
38.252052 18.030317
39.057358 18.010317
40.198208 17.990316
41.20484 17.980316
42.412804 17.970316
43.486546 17.950315
44.426067 17.920315
45.566917 17.890314
46.707767 17.880314
47.513077 17.850313
48.653927 17.840313
49.66056 17.830313
50.80141 17.810312
51.94226 17.800312
52.680458 17.780312
53.82131 17.760311
54.82794 17.73031
55.901684 17.70031
57.042534 17.69031
57.91495 17.68031
59.0558 17.660309
59.928215 17.650309
61.069065 17.620308
62.142807 17.590307
63.283657 17.580307
64.3574 17.570307
65.0956 17.550306
66.23645 17.530306
67.108864 17.500305
68.24972 17.480305
69.18924 17.460304
70.330086 17.450304
71.40383 17.430304
72.544685 17.430304
