0.2013266 23.000431
1.6777216 22.06041
3.1541166 21.150389
4.1607494 20.36037
5.502927 19.610353
6.777995 18.930338
7.516193 18.270323
8.724153 18.240322
9.865003 18.210321
10.603201 18.16032
11.81116 18.13032
12.952011 18.090319
13.824426 18.040318
14.965277 18.000317
16.106127 17.970316
16.978542 17.930315
18.186502 17.900314
19.327353 17.870314
20.199768 17.840313
21.340618 17.810312
22.48147 17.770311
23.353884 17.73031
24.494736 17.71031
25.635586 17.69031
26.57511 17.68031
27.648851 17.660309
28.856812 17.640308
29.662117 17.600307
30.802969 17.570307
31.943819 17.550306
32.749126 17.550306
