0.26843545 32.47056
0.60397977 30.82061
0.9395241 29.280575
1.2079595 27.910543
1.5435039 26.650515
1.8119394 25.480488
2.0803747 24.470465
2.3488102 23.530443
2.5501368 22.680424
2.7514634 21.880405
3.019899 21.140388
3.2212255 20.420372
3.422552 19.790358
3.6238787 19.180344
3.8252053 19.160343
4.0265317 19.120342
4.2278585 19.090342
4.429185 19.04034
4.5634027 19.02034
4.7647295 18.98034
4.966056 18.950338
5.1002736 18.900337
5.368709 18.880337
5.502927 18.820335
5.7713623 18.790335
5.90558 18.760334
6.1069064 18.720333
6.3082333 18.710333
6.5095596 18.660332
6.7108865 18.650331
6.912213 18.59033
7.1135397 18.56033
7.2477574 18.520329
7.449084 18.480328
7.5833015 18.440327
7.7846284 18.410326
7.9859548 18.360325
8.187282 18.320324
8.321499 18.280323
8.522826 18.260323
8.724153 18.200321
8.925479 18.17032
9.126805 18.15032
9.328132 18.12032
9.529459 18.100319
9.663676 18.080318
9.865003 18.070318
10.06633 18.010317
10.267656 18.000317
10.468983 17.980316
10.603201 17.960316
10.804527 17.930315
11.005854 17.910315
11.20718 17.890314
11.341398 17.870314
11.542725 17.840313
11.744051 17.830313
11.945377 17.790312
12.079596 17.770311
12.280922 17.75031
12.41514 17.72031
12.6164665 17.71031
12.817793 17.68031
13.019119 17.660309
13.1533375 17.640308
13.354664 17.620308
13.55599 17.580307
13.690208 17.580307
13.891535 17.560307
14.092861 17.540306
14.227079 17.490305
14.361297 17.480305
14.562623 17.450304
14.76395 17.430304
14.965277 17.400303
15.166603 17.390303
15.300821 17.360302
15.502148 17.340302
15.703474 17.3103
15.837692 17.2903
16.039019 17.2703
16.240345 17.2603
16.441671 17.220299
16.57589 17.180298
16.710108 17.180298
16.911434 17.150297
17.11276 17.120296
17.314087 17.100296
17.448305 17.080296
17.649632 17.050295
17.850958 17.040295
17.985176 17.020294
18.186502 17.010294
18.387829 16.960293
18.522047 16.940292
18.723373 16.910292
18.857592 16.900291
19.058918 16.86029
19.260244 16.86029
19.394463 16.83029
19.595789 16.80029
19.797115 16.80029
19.998442 16.760288
20.13266 16.760288
