0.26843545 30.470602
1.9461571 28.890566
3.5232153 27.500534
4.4627395 26.190504
5.838471 25.030478
6.979322 23.960453
8.254391 22.97043
9.428796 22.09041
10.435429 21.24039
11.542725 20.480373
12.6164665 19.750357
13.589545 19.090342
14.596178 18.460327
15.569257 18.420326
16.542336 18.410326
17.280533 18.380325
18.25361 18.350325
19.22669 18.330324
20.166214 18.320324
21.139292 18.300323
22.078815 18.290323
23.051895 18.270323
23.790092 18.260323
24.729616 18.220322
25.702696 18.200321
26.57511 18.18032
27.581743 18.17032
28.521267 18.15032
29.494347 18.14032
30.13188 18.11032
31.071404 18.100319
32.044483 18.070318
32.84979 18.060318
33.82287 18.010317
34.728836 18.000317
35.601254 17.980316
36.540775 17.970316
37.4803 17.960316
38.45338 17.950315
39.392902 17.930315
40.365982 17.900314
41.33906 17.890314
41.94304 17.870314
42.882565 17.840313
43.822086 17.820312
44.52673 17.790312
45.466255 17.770311
46.47289 17.770311
47.177532 17.72031
48.150608 17.71031
49.090134 17.70031
49.82833 17.68031
50.734303 17.650309
51.673824 17.630308
52.378468 17.610308
53.351547 17.600307
54.291073 17.570307
54.96216 17.550306
55.935238 17.540306
56.874763 17.530306
57.545853 17.500305
58.485374 17.490305
59.391346 17.460304
60.19665 17.440304
61.136173 17.410303
62.00859 17.390303
62.98167 17.380302
63.887638 17.350302
64.69295 17.3103
65.598915 17.2803
66.53844 17.2603
67.24308 17.2503
68.14905 17.230299
69.08858 17.210299
69.826775 17.180298
70.7663 17.160297
71.5716 17.130297
72.51113 17.110296
73.45065 17.110296
